c | m11 -> 1
c | m12 -> 2
c | m13 -> 3
c | m21 -> 4
c | m22 -> 5
c | m23 -> 6
c | m31 -> 7
c | m32 -> 8
c | m33 -> 9
c | pc111 -> 25
c | pc112 -> 28
c | pc113 -> 31
c | pc121 -> 26
c | pc122 -> 29
c | pc123 -> 32
c | pc131 -> 27
c | pc132 -> 30
c | pc133 -> 33
c | pc213 -> 34
c | pc223 -> 35
c | pc233 -> 36
c | pr111 -> 10
c | pr112 -> 11
c | pr113 -> 12
c | pr121 -> 16
c | pr122 -> 17
c | pr123 -> 18
c | pr131 -> 19
c | pr132 -> 20
c | pr133 -> 21
c | pr211 -> 13
c | pr212 -> 14
c | pr213 -> 15
c | pr231 -> 22
c | pr232 -> 23
c | pr233 -> 24
p cnf 36 2549
 -24 -24 24 -21 -21 21 0
 -24 -24 24 -21 -21 -20 0
 -24 -24 24 -21 -21 -19 0
 -24 -24 24 -21 20 21 0
 -24 -24 24 -21 20 -20 0
 -24 -24 24 -21 20 -19 0
 -24 -24 24 -21 -19 21 0
 -24 -24 24 -21 -19 -20 0
 -24 -24 24 -21 -19 -19 0
 -24 -24 24 -20 -21 21 0
 -24 -24 24 -20 -21 -20 0
 -24 -24 24 -20 -21 -19 0
 -24 -24 24 -20 20 21 0
 -24 -24 24 -20 20 -20 0
 -24 -24 24 -20 20 -19 0
 -24 -24 24 -20 -19 21 0
 -24 -24 24 -20 -19 -20 0
 -24 -24 24 -20 -19 -19 0
 -24 -24 24 19 -21 21 0
 -24 -24 24 19 -21 -20 0
 -24 -24 24 19 -21 -19 0
 -24 -24 24 19 20 21 0
 -24 -24 24 19 20 -20 0
 -24 -24 24 19 20 -19 0
 -24 -24 24 19 -19 21 0
 -24 -24 24 19 -19 -20 0
 -24 -24 24 19 -19 -19 0
 -24 -24 -23 -21 -21 21 0
 -24 -24 -23 -21 -21 -20 0
 -24 -24 -23 -21 -21 -19 0
 -24 -24 -23 -21 20 21 0
 -24 -24 -23 -21 20 -20 0
 -24 -24 -23 -21 20 -19 0
 -24 -24 -23 -21 -19 21 0
 -24 -24 -23 -21 -19 -20 0
 -24 -24 -23 -21 -19 -19 0
 -24 -24 -23 -20 -21 21 0
 -24 -24 -23 -20 -21 -20 0
 -24 -24 -23 -20 -21 -19 0
 -24 -24 -23 -20 20 21 0
 -24 -24 -23 -20 20 -20 0
 -24 -24 -23 -20 20 -19 0
 -24 -24 -23 -20 -19 21 0
 -24 -24 -23 -20 -19 -20 0
 -24 -24 -23 -20 -19 -19 0
 -24 -24 -23 19 -21 21 0
 -24 -24 -23 19 -21 -20 0
 -24 -24 -23 19 -21 -19 0
 -24 -24 -23 19 20 21 0
 -24 -24 -23 19 20 -20 0
 -24 -24 -23 19 20 -19 0
 -24 -24 -23 19 -19 21 0
 -24 -24 -23 19 -19 -20 0
 -24 -24 -23 19 -19 -19 0
 -24 -24 -22 -21 -21 21 0
 -24 -24 -22 -21 -21 -20 0
 -24 -24 -22 -21 -21 -19 0
 -24 -24 -22 -21 20 21 0
 -24 -24 -22 -21 20 -20 0
 -24 -24 -22 -21 20 -19 0
 -24 -24 -22 -21 -19 21 0
 -24 -24 -22 -21 -19 -20 0
 -24 -24 -22 -21 -19 -19 0
 -24 -24 -22 -20 -21 21 0
 -24 -24 -22 -20 -21 -20 0
 -24 -24 -22 -20 -21 -19 0
 -24 -24 -22 -20 20 21 0
 -24 -24 -22 -20 20 -20 0
 -24 -24 -22 -20 20 -19 0
 -24 -24 -22 -20 -19 21 0
 -24 -24 -22 -20 -19 -20 0
 -24 -24 -22 -20 -19 -19 0
 -24 -24 -22 19 -21 21 0
 -24 -24 -22 19 -21 -20 0
 -24 -24 -22 19 -21 -19 0
 -24 -24 -22 19 20 21 0
 -24 -24 -22 19 20 -20 0
 -24 -24 -22 19 20 -19 0
 -24 -24 -22 19 -19 21 0
 -24 -24 -22 19 -19 -20 0
 -24 -24 -22 19 -19 -19 0
 -24 23 24 -21 -21 21 0
 -24 23 24 -21 -21 -20 0
 -24 23 24 -21 -21 -19 0
 -24 23 24 -21 20 21 0
 -24 23 24 -21 20 -20 0
 -24 23 24 -21 20 -19 0
 -24 23 24 -21 -19 21 0
 -24 23 24 -21 -19 -20 0
 -24 23 24 -21 -19 -19 0
 -24 23 24 -20 -21 21 0
 -24 23 24 -20 -21 -20 0
 -24 23 24 -20 -21 -19 0
 -24 23 24 -20 20 21 0
 -24 23 24 -20 20 -20 0
 -24 23 24 -20 20 -19 0
 -24 23 24 -20 -19 21 0
 -24 23 24 -20 -19 -20 0
 -24 23 24 -20 -19 -19 0
 -24 23 24 19 -21 21 0
 -24 23 24 19 -21 -20 0
 -24 23 24 19 -21 -19 0
 -24 23 24 19 20 21 0
 -24 23 24 19 20 -20 0
 -24 23 24 19 20 -19 0
 -24 23 24 19 -19 21 0
 -24 23 24 19 -19 -20 0
 -24 23 24 19 -19 -19 0
 -24 23 -23 -21 -21 21 0
 -24 23 -23 -21 -21 -20 0
 -24 23 -23 -21 -21 -19 0
 -24 23 -23 -21 20 21 0
 -24 23 -23 -21 20 -20 0
 -24 23 -23 -21 20 -19 0
 -24 23 -23 -21 -19 21 0
 -24 23 -23 -21 -19 -20 0
 -24 23 -23 -21 -19 -19 0
 -24 23 -23 -20 -21 21 0
 -24 23 -23 -20 -21 -20 0
 -24 23 -23 -20 -21 -19 0
 -24 23 -23 -20 20 21 0
 -24 23 -23 -20 20 -20 0
 -24 23 -23 -20 20 -19 0
 -24 23 -23 -20 -19 21 0
 -24 23 -23 -20 -19 -20 0
 -24 23 -23 -20 -19 -19 0
 -24 23 -23 19 -21 21 0
 -24 23 -23 19 -21 -20 0
 -24 23 -23 19 -21 -19 0
 -24 23 -23 19 20 21 0
 -24 23 -23 19 20 -20 0
 -24 23 -23 19 20 -19 0
 -24 23 -23 19 -19 21 0
 -24 23 -23 19 -19 -20 0
 -24 23 -23 19 -19 -19 0
 -24 23 -22 -21 -21 21 0
 -24 23 -22 -21 -21 -20 0
 -24 23 -22 -21 -21 -19 0
 -24 23 -22 -21 20 21 0
 -24 23 -22 -21 20 -20 0
 -24 23 -22 -21 20 -19 0
 -24 23 -22 -21 -19 21 0
 -24 23 -22 -21 -19 -20 0
 -24 23 -22 -21 -19 -19 0
 -24 23 -22 -20 -21 21 0
 -24 23 -22 -20 -21 -20 0
 -24 23 -22 -20 -21 -19 0
 -24 23 -22 -20 20 21 0
 -24 23 -22 -20 20 -20 0
 -24 23 -22 -20 20 -19 0
 -24 23 -22 -20 -19 21 0
 -24 23 -22 -20 -19 -20 0
 -24 23 -22 -20 -19 -19 0
 -24 23 -22 19 -21 21 0
 -24 23 -22 19 -21 -20 0
 -24 23 -22 19 -21 -19 0
 -24 23 -22 19 20 21 0
 -24 23 -22 19 20 -20 0
 -24 23 -22 19 20 -19 0
 -24 23 -22 19 -19 21 0
 -24 23 -22 19 -19 -20 0
 -24 23 -22 19 -19 -19 0
 -24 -22 24 -21 -21 21 0
 -24 -22 24 -21 -21 -20 0
 -24 -22 24 -21 -21 -19 0
 -24 -22 24 -21 20 21 0
 -24 -22 24 -21 20 -20 0
 -24 -22 24 -21 20 -19 0
 -24 -22 24 -21 -19 21 0
 -24 -22 24 -21 -19 -20 0
 -24 -22 24 -21 -19 -19 0
 -24 -22 24 -20 -21 21 0
 -24 -22 24 -20 -21 -20 0
 -24 -22 24 -20 -21 -19 0
 -24 -22 24 -20 20 21 0
 -24 -22 24 -20 20 -20 0
 -24 -22 24 -20 20 -19 0
 -24 -22 24 -20 -19 21 0
 -24 -22 24 -20 -19 -20 0
 -24 -22 24 -20 -19 -19 0
 -24 -22 24 19 -21 21 0
 -24 -22 24 19 -21 -20 0
 -24 -22 24 19 -21 -19 0
 -24 -22 24 19 20 21 0
 -24 -22 24 19 20 -20 0
 -24 -22 24 19 20 -19 0
 -24 -22 24 19 -19 21 0
 -24 -22 24 19 -19 -20 0
 -24 -22 24 19 -19 -19 0
 -24 -22 -23 -21 -21 21 0
 -24 -22 -23 -21 -21 -20 0
 -24 -22 -23 -21 -21 -19 0
 -24 -22 -23 -21 20 21 0
 -24 -22 -23 -21 20 -20 0
 -24 -22 -23 -21 20 -19 0
 -24 -22 -23 -21 -19 21 0
 -24 -22 -23 -21 -19 -20 0
 -24 -22 -23 -21 -19 -19 0
 -24 -22 -23 -20 -21 21 0
 -24 -22 -23 -20 -21 -20 0
 -24 -22 -23 -20 -21 -19 0
 -24 -22 -23 -20 20 21 0
 -24 -22 -23 -20 20 -20 0
 -24 -22 -23 -20 20 -19 0
 -24 -22 -23 -20 -19 21 0
 -24 -22 -23 -20 -19 -20 0
 -24 -22 -23 -20 -19 -19 0
 -24 -22 -23 19 -21 21 0
 -24 -22 -23 19 -21 -20 0
 -24 -22 -23 19 -21 -19 0
 -24 -22 -23 19 20 21 0
 -24 -22 -23 19 20 -20 0
 -24 -22 -23 19 20 -19 0
 -24 -22 -23 19 -19 21 0
 -24 -22 -23 19 -19 -20 0
 -24 -22 -23 19 -19 -19 0
 -24 -22 -22 -21 -21 21 0
 -24 -22 -22 -21 -21 -20 0
 -24 -22 -22 -21 -21 -19 0
 -24 -22 -22 -21 20 21 0
 -24 -22 -22 -21 20 -20 0
 -24 -22 -22 -21 20 -19 0
 -24 -22 -22 -21 -19 21 0
 -24 -22 -22 -21 -19 -20 0
 -24 -22 -22 -21 -19 -19 0
 -24 -22 -22 -20 -21 21 0
 -24 -22 -22 -20 -21 -20 0
 -24 -22 -22 -20 -21 -19 0
 -24 -22 -22 -20 20 21 0
 -24 -22 -22 -20 20 -20 0
 -24 -22 -22 -20 20 -19 0
 -24 -22 -22 -20 -19 21 0
 -24 -22 -22 -20 -19 -20 0
 -24 -22 -22 -20 -19 -19 0
 -24 -22 -22 19 -21 21 0
 -24 -22 -22 19 -21 -20 0
 -24 -22 -22 19 -21 -19 0
 -24 -22 -22 19 20 21 0
 -24 -22 -22 19 20 -20 0
 -24 -22 -22 19 20 -19 0
 -24 -22 -22 19 -19 21 0
 -24 -22 -22 19 -19 -20 0
 -24 -22 -22 19 -19 -19 0
 -23 -24 24 -21 -21 21 0
 -23 -24 24 -21 -21 -20 0
 -23 -24 24 -21 -21 -19 0
 -23 -24 24 -21 20 21 0
 -23 -24 24 -21 20 -20 0
 -23 -24 24 -21 20 -19 0
 -23 -24 24 -21 -19 21 0
 -23 -24 24 -21 -19 -20 0
 -23 -24 24 -21 -19 -19 0
 -23 -24 24 -20 -21 21 0
 -23 -24 24 -20 -21 -20 0
 -23 -24 24 -20 -21 -19 0
 -23 -24 24 -20 20 21 0
 -23 -24 24 -20 20 -20 0
 -23 -24 24 -20 20 -19 0
 -23 -24 24 -20 -19 21 0
 -23 -24 24 -20 -19 -20 0
 -23 -24 24 -20 -19 -19 0
 -23 -24 24 19 -21 21 0
 -23 -24 24 19 -21 -20 0
 -23 -24 24 19 -21 -19 0
 -23 -24 24 19 20 21 0
 -23 -24 24 19 20 -20 0
 -23 -24 24 19 20 -19 0
 -23 -24 24 19 -19 21 0
 -23 -24 24 19 -19 -20 0
 -23 -24 24 19 -19 -19 0
 -23 -24 -23 -21 -21 21 0
 -23 -24 -23 -21 -21 -20 0
 -23 -24 -23 -21 -21 -19 0
 -23 -24 -23 -21 20 21 0
 -23 -24 -23 -21 20 -20 0
 -23 -24 -23 -21 20 -19 0
 -23 -24 -23 -21 -19 21 0
 -23 -24 -23 -21 -19 -20 0
 -23 -24 -23 -21 -19 -19 0
 -23 -24 -23 -20 -21 21 0
 -23 -24 -23 -20 -21 -20 0
 -23 -24 -23 -20 -21 -19 0
 -23 -24 -23 -20 20 21 0
 -23 -24 -23 -20 20 -20 0
 -23 -24 -23 -20 20 -19 0
 -23 -24 -23 -20 -19 21 0
 -23 -24 -23 -20 -19 -20 0
 -23 -24 -23 -20 -19 -19 0
 -23 -24 -23 19 -21 21 0
 -23 -24 -23 19 -21 -20 0
 -23 -24 -23 19 -21 -19 0
 -23 -24 -23 19 20 21 0
 -23 -24 -23 19 20 -20 0
 -23 -24 -23 19 20 -19 0
 -23 -24 -23 19 -19 21 0
 -23 -24 -23 19 -19 -20 0
 -23 -24 -23 19 -19 -19 0
 -23 -24 -22 -21 -21 21 0
 -23 -24 -22 -21 -21 -20 0
 -23 -24 -22 -21 -21 -19 0
 -23 -24 -22 -21 20 21 0
 -23 -24 -22 -21 20 -20 0
 -23 -24 -22 -21 20 -19 0
 -23 -24 -22 -21 -19 21 0
 -23 -24 -22 -21 -19 -20 0
 -23 -24 -22 -21 -19 -19 0
 -23 -24 -22 -20 -21 21 0
 -23 -24 -22 -20 -21 -20 0
 -23 -24 -22 -20 -21 -19 0
 -23 -24 -22 -20 20 21 0
 -23 -24 -22 -20 20 -20 0
 -23 -24 -22 -20 20 -19 0
 -23 -24 -22 -20 -19 21 0
 -23 -24 -22 -20 -19 -20 0
 -23 -24 -22 -20 -19 -19 0
 -23 -24 -22 19 -21 21 0
 -23 -24 -22 19 -21 -20 0
 -23 -24 -22 19 -21 -19 0
 -23 -24 -22 19 20 21 0
 -23 -24 -22 19 20 -20 0
 -23 -24 -22 19 20 -19 0
 -23 -24 -22 19 -19 21 0
 -23 -24 -22 19 -19 -20 0
 -23 -24 -22 19 -19 -19 0
 -23 23 24 -21 -21 21 0
 -23 23 24 -21 -21 -20 0
 -23 23 24 -21 -21 -19 0
 -23 23 24 -21 20 21 0
 -23 23 24 -21 20 -20 0
 -23 23 24 -21 20 -19 0
 -23 23 24 -21 -19 21 0
 -23 23 24 -21 -19 -20 0
 -23 23 24 -21 -19 -19 0
 -23 23 24 -20 -21 21 0
 -23 23 24 -20 -21 -20 0
 -23 23 24 -20 -21 -19 0
 -23 23 24 -20 20 21 0
 -23 23 24 -20 20 -20 0
 -23 23 24 -20 20 -19 0
 -23 23 24 -20 -19 21 0
 -23 23 24 -20 -19 -20 0
 -23 23 24 -20 -19 -19 0
 -23 23 24 19 -21 21 0
 -23 23 24 19 -21 -20 0
 -23 23 24 19 -21 -19 0
 -23 23 24 19 20 21 0
 -23 23 24 19 20 -20 0
 -23 23 24 19 20 -19 0
 -23 23 24 19 -19 21 0
 -23 23 24 19 -19 -20 0
 -23 23 24 19 -19 -19 0
 -23 23 -23 -21 -21 21 0
 -23 23 -23 -21 -21 -20 0
 -23 23 -23 -21 -21 -19 0
 -23 23 -23 -21 20 21 0
 -23 23 -23 -21 20 -20 0
 -23 23 -23 -21 20 -19 0
 -23 23 -23 -21 -19 21 0
 -23 23 -23 -21 -19 -20 0
 -23 23 -23 -21 -19 -19 0
 -23 23 -23 -20 -21 21 0
 -23 23 -23 -20 -21 -20 0
 -23 23 -23 -20 -21 -19 0
 -23 23 -23 -20 20 21 0
 -23 23 -23 -20 20 -20 0
 -23 23 -23 -20 20 -19 0
 -23 23 -23 -20 -19 21 0
 -23 23 -23 -20 -19 -20 0
 -23 23 -23 -20 -19 -19 0
 -23 23 -23 19 -21 21 0
 -23 23 -23 19 -21 -20 0
 -23 23 -23 19 -21 -19 0
 -23 23 -23 19 20 21 0
 -23 23 -23 19 20 -20 0
 -23 23 -23 19 20 -19 0
 -23 23 -23 19 -19 21 0
 -23 23 -23 19 -19 -20 0
 -23 23 -23 19 -19 -19 0
 -23 23 -22 -21 -21 21 0
 -23 23 -22 -21 -21 -20 0
 -23 23 -22 -21 -21 -19 0
 -23 23 -22 -21 20 21 0
 -23 23 -22 -21 20 -20 0
 -23 23 -22 -21 20 -19 0
 -23 23 -22 -21 -19 21 0
 -23 23 -22 -21 -19 -20 0
 -23 23 -22 -21 -19 -19 0
 -23 23 -22 -20 -21 21 0
 -23 23 -22 -20 -21 -20 0
 -23 23 -22 -20 -21 -19 0
 -23 23 -22 -20 20 21 0
 -23 23 -22 -20 20 -20 0
 -23 23 -22 -20 20 -19 0
 -23 23 -22 -20 -19 21 0
 -23 23 -22 -20 -19 -20 0
 -23 23 -22 -20 -19 -19 0
 -23 23 -22 19 -21 21 0
 -23 23 -22 19 -21 -20 0
 -23 23 -22 19 -21 -19 0
 -23 23 -22 19 20 21 0
 -23 23 -22 19 20 -20 0
 -23 23 -22 19 20 -19 0
 -23 23 -22 19 -19 21 0
 -23 23 -22 19 -19 -20 0
 -23 23 -22 19 -19 -19 0
 -23 -22 24 -21 -21 21 0
 -23 -22 24 -21 -21 -20 0
 -23 -22 24 -21 -21 -19 0
 -23 -22 24 -21 20 21 0
 -23 -22 24 -21 20 -20 0
 -23 -22 24 -21 20 -19 0
 -23 -22 24 -21 -19 21 0
 -23 -22 24 -21 -19 -20 0
 -23 -22 24 -21 -19 -19 0
 -23 -22 24 -20 -21 21 0
 -23 -22 24 -20 -21 -20 0
 -23 -22 24 -20 -21 -19 0
 -23 -22 24 -20 20 21 0
 -23 -22 24 -20 20 -20 0
 -23 -22 24 -20 20 -19 0
 -23 -22 24 -20 -19 21 0
 -23 -22 24 -20 -19 -20 0
 -23 -22 24 -20 -19 -19 0
 -23 -22 24 19 -21 21 0
 -23 -22 24 19 -21 -20 0
 -23 -22 24 19 -21 -19 0
 -23 -22 24 19 20 21 0
 -23 -22 24 19 20 -20 0
 -23 -22 24 19 20 -19 0
 -23 -22 24 19 -19 21 0
 -23 -22 24 19 -19 -20 0
 -23 -22 24 19 -19 -19 0
 -23 -22 -23 -21 -21 21 0
 -23 -22 -23 -21 -21 -20 0
 -23 -22 -23 -21 -21 -19 0
 -23 -22 -23 -21 20 21 0
 -23 -22 -23 -21 20 -20 0
 -23 -22 -23 -21 20 -19 0
 -23 -22 -23 -21 -19 21 0
 -23 -22 -23 -21 -19 -20 0
 -23 -22 -23 -21 -19 -19 0
 -23 -22 -23 -20 -21 21 0
 -23 -22 -23 -20 -21 -20 0
 -23 -22 -23 -20 -21 -19 0
 -23 -22 -23 -20 20 21 0
 -23 -22 -23 -20 20 -20 0
 -23 -22 -23 -20 20 -19 0
 -23 -22 -23 -20 -19 21 0
 -23 -22 -23 -20 -19 -20 0
 -23 -22 -23 -20 -19 -19 0
 -23 -22 -23 19 -21 21 0
 -23 -22 -23 19 -21 -20 0
 -23 -22 -23 19 -21 -19 0
 -23 -22 -23 19 20 21 0
 -23 -22 -23 19 20 -20 0
 -23 -22 -23 19 20 -19 0
 -23 -22 -23 19 -19 21 0
 -23 -22 -23 19 -19 -20 0
 -23 -22 -23 19 -19 -19 0
 -23 -22 -22 -21 -21 21 0
 -23 -22 -22 -21 -21 -20 0
 -23 -22 -22 -21 -21 -19 0
 -23 -22 -22 -21 20 21 0
 -23 -22 -22 -21 20 -20 0
 -23 -22 -22 -21 20 -19 0
 -23 -22 -22 -21 -19 21 0
 -23 -22 -22 -21 -19 -20 0
 -23 -22 -22 -21 -19 -19 0
 -23 -22 -22 -20 -21 21 0
 -23 -22 -22 -20 -21 -20 0
 -23 -22 -22 -20 -21 -19 0
 -23 -22 -22 -20 20 21 0
 -23 -22 -22 -20 20 -20 0
 -23 -22 -22 -20 20 -19 0
 -23 -22 -22 -20 -19 21 0
 -23 -22 -22 -20 -19 -20 0
 -23 -22 -22 -20 -19 -19 0
 -23 -22 -22 19 -21 21 0
 -23 -22 -22 19 -21 -20 0
 -23 -22 -22 19 -21 -19 0
 -23 -22 -22 19 20 21 0
 -23 -22 -22 19 20 -20 0
 -23 -22 -22 19 20 -19 0
 -23 -22 -22 19 -19 21 0
 -23 -22 -22 19 -19 -20 0
 -23 -22 -22 19 -19 -19 0
 22 -24 24 -21 -21 21 0
 22 -24 24 -21 -21 -20 0
 22 -24 24 -21 -21 -19 0
 22 -24 24 -21 20 21 0
 22 -24 24 -21 20 -20 0
 22 -24 24 -21 20 -19 0
 22 -24 24 -21 -19 21 0
 22 -24 24 -21 -19 -20 0
 22 -24 24 -21 -19 -19 0
 22 -24 24 -20 -21 21 0
 22 -24 24 -20 -21 -20 0
 22 -24 24 -20 -21 -19 0
 22 -24 24 -20 20 21 0
 22 -24 24 -20 20 -20 0
 22 -24 24 -20 20 -19 0
 22 -24 24 -20 -19 21 0
 22 -24 24 -20 -19 -20 0
 22 -24 24 -20 -19 -19 0
 22 -24 24 19 -21 21 0
 22 -24 24 19 -21 -20 0
 22 -24 24 19 -21 -19 0
 22 -24 24 19 20 21 0
 22 -24 24 19 20 -20 0
 22 -24 24 19 20 -19 0
 22 -24 24 19 -19 21 0
 22 -24 24 19 -19 -20 0
 22 -24 24 19 -19 -19 0
 22 -24 -23 -21 -21 21 0
 22 -24 -23 -21 -21 -20 0
 22 -24 -23 -21 -21 -19 0
 22 -24 -23 -21 20 21 0
 22 -24 -23 -21 20 -20 0
 22 -24 -23 -21 20 -19 0
 22 -24 -23 -21 -19 21 0
 22 -24 -23 -21 -19 -20 0
 22 -24 -23 -21 -19 -19 0
 22 -24 -23 -20 -21 21 0
 22 -24 -23 -20 -21 -20 0
 22 -24 -23 -20 -21 -19 0
 22 -24 -23 -20 20 21 0
 22 -24 -23 -20 20 -20 0
 22 -24 -23 -20 20 -19 0
 22 -24 -23 -20 -19 21 0
 22 -24 -23 -20 -19 -20 0
 22 -24 -23 -20 -19 -19 0
 22 -24 -23 19 -21 21 0
 22 -24 -23 19 -21 -20 0
 22 -24 -23 19 -21 -19 0
 22 -24 -23 19 20 21 0
 22 -24 -23 19 20 -20 0
 22 -24 -23 19 20 -19 0
 22 -24 -23 19 -19 21 0
 22 -24 -23 19 -19 -20 0
 22 -24 -23 19 -19 -19 0
 22 -24 -22 -21 -21 21 0
 22 -24 -22 -21 -21 -20 0
 22 -24 -22 -21 -21 -19 0
 22 -24 -22 -21 20 21 0
 22 -24 -22 -21 20 -20 0
 22 -24 -22 -21 20 -19 0
 22 -24 -22 -21 -19 21 0
 22 -24 -22 -21 -19 -20 0
 22 -24 -22 -21 -19 -19 0
 22 -24 -22 -20 -21 21 0
 22 -24 -22 -20 -21 -20 0
 22 -24 -22 -20 -21 -19 0
 22 -24 -22 -20 20 21 0
 22 -24 -22 -20 20 -20 0
 22 -24 -22 -20 20 -19 0
 22 -24 -22 -20 -19 21 0
 22 -24 -22 -20 -19 -20 0
 22 -24 -22 -20 -19 -19 0
 22 -24 -22 19 -21 21 0
 22 -24 -22 19 -21 -20 0
 22 -24 -22 19 -21 -19 0
 22 -24 -22 19 20 21 0
 22 -24 -22 19 20 -20 0
 22 -24 -22 19 20 -19 0
 22 -24 -22 19 -19 21 0
 22 -24 -22 19 -19 -20 0
 22 -24 -22 19 -19 -19 0
 22 23 24 -21 -21 21 0
 22 23 24 -21 -21 -20 0
 22 23 24 -21 -21 -19 0
 22 23 24 -21 20 21 0
 22 23 24 -21 20 -20 0
 22 23 24 -21 20 -19 0
 22 23 24 -21 -19 21 0
 22 23 24 -21 -19 -20 0
 22 23 24 -21 -19 -19 0
 22 23 24 -20 -21 21 0
 22 23 24 -20 -21 -20 0
 22 23 24 -20 -21 -19 0
 22 23 24 -20 20 21 0
 22 23 24 -20 20 -20 0
 22 23 24 -20 20 -19 0
 22 23 24 -20 -19 21 0
 22 23 24 -20 -19 -20 0
 22 23 24 -20 -19 -19 0
 22 23 24 19 -21 21 0
 22 23 24 19 -21 -20 0
 22 23 24 19 -21 -19 0
 22 23 24 19 20 21 0
 22 23 24 19 20 -20 0
 22 23 24 19 20 -19 0
 22 23 24 19 -19 21 0
 22 23 24 19 -19 -20 0
 22 23 24 19 -19 -19 0
 22 23 -23 -21 -21 21 0
 22 23 -23 -21 -21 -20 0
 22 23 -23 -21 -21 -19 0
 22 23 -23 -21 20 21 0
 22 23 -23 -21 20 -20 0
 22 23 -23 -21 20 -19 0
 22 23 -23 -21 -19 21 0
 22 23 -23 -21 -19 -20 0
 22 23 -23 -21 -19 -19 0
 22 23 -23 -20 -21 21 0
 22 23 -23 -20 -21 -20 0
 22 23 -23 -20 -21 -19 0
 22 23 -23 -20 20 21 0
 22 23 -23 -20 20 -20 0
 22 23 -23 -20 20 -19 0
 22 23 -23 -20 -19 21 0
 22 23 -23 -20 -19 -20 0
 22 23 -23 -20 -19 -19 0
 22 23 -23 19 -21 21 0
 22 23 -23 19 -21 -20 0
 22 23 -23 19 -21 -19 0
 22 23 -23 19 20 21 0
 22 23 -23 19 20 -20 0
 22 23 -23 19 20 -19 0
 22 23 -23 19 -19 21 0
 22 23 -23 19 -19 -20 0
 22 23 -23 19 -19 -19 0
 22 23 -22 -21 -21 21 0
 22 23 -22 -21 -21 -20 0
 22 23 -22 -21 -21 -19 0
 22 23 -22 -21 20 21 0
 22 23 -22 -21 20 -20 0
 22 23 -22 -21 20 -19 0
 22 23 -22 -21 -19 21 0
 22 23 -22 -21 -19 -20 0
 22 23 -22 -21 -19 -19 0
 22 23 -22 -20 -21 21 0
 22 23 -22 -20 -21 -20 0
 22 23 -22 -20 -21 -19 0
 22 23 -22 -20 20 21 0
 22 23 -22 -20 20 -20 0
 22 23 -22 -20 20 -19 0
 22 23 -22 -20 -19 21 0
 22 23 -22 -20 -19 -20 0
 22 23 -22 -20 -19 -19 0
 22 23 -22 19 -21 21 0
 22 23 -22 19 -21 -20 0
 22 23 -22 19 -21 -19 0
 22 23 -22 19 20 21 0
 22 23 -22 19 20 -20 0
 22 23 -22 19 20 -19 0
 22 23 -22 19 -19 21 0
 22 23 -22 19 -19 -20 0
 22 23 -22 19 -19 -19 0
 22 -22 24 -21 -21 21 0
 22 -22 24 -21 -21 -20 0
 22 -22 24 -21 -21 -19 0
 22 -22 24 -21 20 21 0
 22 -22 24 -21 20 -20 0
 22 -22 24 -21 20 -19 0
 22 -22 24 -21 -19 21 0
 22 -22 24 -21 -19 -20 0
 22 -22 24 -21 -19 -19 0
 22 -22 24 -20 -21 21 0
 22 -22 24 -20 -21 -20 0
 22 -22 24 -20 -21 -19 0
 22 -22 24 -20 20 21 0
 22 -22 24 -20 20 -20 0
 22 -22 24 -20 20 -19 0
 22 -22 24 -20 -19 21 0
 22 -22 24 -20 -19 -20 0
 22 -22 24 -20 -19 -19 0
 22 -22 24 19 -21 21 0
 22 -22 24 19 -21 -20 0
 22 -22 24 19 -21 -19 0
 22 -22 24 19 20 21 0
 22 -22 24 19 20 -20 0
 22 -22 24 19 20 -19 0
 22 -22 24 19 -19 21 0
 22 -22 24 19 -19 -20 0
 22 -22 24 19 -19 -19 0
 22 -22 -23 -21 -21 21 0
 22 -22 -23 -21 -21 -20 0
 22 -22 -23 -21 -21 -19 0
 22 -22 -23 -21 20 21 0
 22 -22 -23 -21 20 -20 0
 22 -22 -23 -21 20 -19 0
 22 -22 -23 -21 -19 21 0
 22 -22 -23 -21 -19 -20 0
 22 -22 -23 -21 -19 -19 0
 22 -22 -23 -20 -21 21 0
 22 -22 -23 -20 -21 -20 0
 22 -22 -23 -20 -21 -19 0
 22 -22 -23 -20 20 21 0
 22 -22 -23 -20 20 -20 0
 22 -22 -23 -20 20 -19 0
 22 -22 -23 -20 -19 21 0
 22 -22 -23 -20 -19 -20 0
 22 -22 -23 -20 -19 -19 0
 22 -22 -23 19 -21 21 0
 22 -22 -23 19 -21 -20 0
 22 -22 -23 19 -21 -19 0
 22 -22 -23 19 20 21 0
 22 -22 -23 19 20 -20 0
 22 -22 -23 19 20 -19 0
 22 -22 -23 19 -19 21 0
 22 -22 -23 19 -19 -20 0
 22 -22 -23 19 -19 -19 0
 22 -22 -22 -21 -21 21 0
 22 -22 -22 -21 -21 -20 0
 22 -22 -22 -21 -21 -19 0
 22 -22 -22 -21 20 21 0
 22 -22 -22 -21 20 -20 0
 22 -22 -22 -21 20 -19 0
 22 -22 -22 -21 -19 21 0
 22 -22 -22 -21 -19 -20 0
 22 -22 -22 -21 -19 -19 0
 22 -22 -22 -20 -21 21 0
 22 -22 -22 -20 -21 -20 0
 22 -22 -22 -20 -21 -19 0
 22 -22 -22 -20 20 21 0
 22 -22 -22 -20 20 -20 0
 22 -22 -22 -20 20 -19 0
 22 -22 -22 -20 -19 21 0
 22 -22 -22 -20 -19 -20 0
 22 -22 -22 -20 -19 -19 0
 22 -22 -22 19 -21 21 0
 22 -22 -22 19 -21 -20 0
 22 -22 -22 19 -21 -19 0
 22 -22 -22 19 20 21 0
 22 -22 -22 19 20 -20 0
 22 -22 -22 19 20 -19 0
 22 -22 -22 19 -19 21 0
 22 -22 -22 19 -19 -20 0
 22 -22 -22 19 -19 -19 0
 -18 -18 18 0
 -18 -18 -17 0
 -18 -18 -16 0
 -18 17 18 0
 -18 17 -17 0
 -18 17 -16 0
 -18 -16 18 0
 -18 -16 -17 0
 -18 -16 -16 0
 -17 -18 18 0
 -17 -18 -17 0
 -17 -18 -16 0
 -17 17 18 0
 -17 17 -17 0
 -17 17 -16 0
 -17 -16 18 0
 -17 -16 -17 0
 -17 -16 -16 0
 16 -18 18 0
 16 -18 -17 0
 16 -18 -16 0
 16 17 18 0
 16 17 -17 0
 16 17 -16 0
 16 -16 18 0
 16 -16 -17 0
 16 -16 -16 0
 -15 -15 15 -12 -12 12 0
 -15 -15 15 -12 -12 -11 0
 -15 -15 15 -12 -12 -10 0
 -15 -15 15 -12 11 12 0
 -15 -15 15 -12 11 -11 0
 -15 -15 15 -12 11 -10 0
 -15 -15 15 -12 -10 12 0
 -15 -15 15 -12 -10 -11 0
 -15 -15 15 -12 -10 -10 0
 -15 -15 15 -11 -12 12 0
 -15 -15 15 -11 -12 -11 0
 -15 -15 15 -11 -12 -10 0
 -15 -15 15 -11 11 12 0
 -15 -15 15 -11 11 -11 0
 -15 -15 15 -11 11 -10 0
 -15 -15 15 -11 -10 12 0
 -15 -15 15 -11 -10 -11 0
 -15 -15 15 -11 -10 -10 0
 -15 -15 15 10 -12 12 0
 -15 -15 15 10 -12 -11 0
 -15 -15 15 10 -12 -10 0
 -15 -15 15 10 11 12 0
 -15 -15 15 10 11 -11 0
 -15 -15 15 10 11 -10 0
 -15 -15 15 10 -10 12 0
 -15 -15 15 10 -10 -11 0
 -15 -15 15 10 -10 -10 0
 -15 -15 -14 -12 -12 12 0
 -15 -15 -14 -12 -12 -11 0
 -15 -15 -14 -12 -12 -10 0
 -15 -15 -14 -12 11 12 0
 -15 -15 -14 -12 11 -11 0
 -15 -15 -14 -12 11 -10 0
 -15 -15 -14 -12 -10 12 0
 -15 -15 -14 -12 -10 -11 0
 -15 -15 -14 -12 -10 -10 0
 -15 -15 -14 -11 -12 12 0
 -15 -15 -14 -11 -12 -11 0
 -15 -15 -14 -11 -12 -10 0
 -15 -15 -14 -11 11 12 0
 -15 -15 -14 -11 11 -11 0
 -15 -15 -14 -11 11 -10 0
 -15 -15 -14 -11 -10 12 0
 -15 -15 -14 -11 -10 -11 0
 -15 -15 -14 -11 -10 -10 0
 -15 -15 -14 10 -12 12 0
 -15 -15 -14 10 -12 -11 0
 -15 -15 -14 10 -12 -10 0
 -15 -15 -14 10 11 12 0
 -15 -15 -14 10 11 -11 0
 -15 -15 -14 10 11 -10 0
 -15 -15 -14 10 -10 12 0
 -15 -15 -14 10 -10 -11 0
 -15 -15 -14 10 -10 -10 0
 -15 -15 -13 -12 -12 12 0
 -15 -15 -13 -12 -12 -11 0
 -15 -15 -13 -12 -12 -10 0
 -15 -15 -13 -12 11 12 0
 -15 -15 -13 -12 11 -11 0
 -15 -15 -13 -12 11 -10 0
 -15 -15 -13 -12 -10 12 0
 -15 -15 -13 -12 -10 -11 0
 -15 -15 -13 -12 -10 -10 0
 -15 -15 -13 -11 -12 12 0
 -15 -15 -13 -11 -12 -11 0
 -15 -15 -13 -11 -12 -10 0
 -15 -15 -13 -11 11 12 0
 -15 -15 -13 -11 11 -11 0
 -15 -15 -13 -11 11 -10 0
 -15 -15 -13 -11 -10 12 0
 -15 -15 -13 -11 -10 -11 0
 -15 -15 -13 -11 -10 -10 0
 -15 -15 -13 10 -12 12 0
 -15 -15 -13 10 -12 -11 0
 -15 -15 -13 10 -12 -10 0
 -15 -15 -13 10 11 12 0
 -15 -15 -13 10 11 -11 0
 -15 -15 -13 10 11 -10 0
 -15 -15 -13 10 -10 12 0
 -15 -15 -13 10 -10 -11 0
 -15 -15 -13 10 -10 -10 0
 -15 14 15 -12 -12 12 0
 -15 14 15 -12 -12 -11 0
 -15 14 15 -12 -12 -10 0
 -15 14 15 -12 11 12 0
 -15 14 15 -12 11 -11 0
 -15 14 15 -12 11 -10 0
 -15 14 15 -12 -10 12 0
 -15 14 15 -12 -10 -11 0
 -15 14 15 -12 -10 -10 0
 -15 14 15 -11 -12 12 0
 -15 14 15 -11 -12 -11 0
 -15 14 15 -11 -12 -10 0
 -15 14 15 -11 11 12 0
 -15 14 15 -11 11 -11 0
 -15 14 15 -11 11 -10 0
 -15 14 15 -11 -10 12 0
 -15 14 15 -11 -10 -11 0
 -15 14 15 -11 -10 -10 0
 -15 14 15 10 -12 12 0
 -15 14 15 10 -12 -11 0
 -15 14 15 10 -12 -10 0
 -15 14 15 10 11 12 0
 -15 14 15 10 11 -11 0
 -15 14 15 10 11 -10 0
 -15 14 15 10 -10 12 0
 -15 14 15 10 -10 -11 0
 -15 14 15 10 -10 -10 0
 -15 14 -14 -12 -12 12 0
 -15 14 -14 -12 -12 -11 0
 -15 14 -14 -12 -12 -10 0
 -15 14 -14 -12 11 12 0
 -15 14 -14 -12 11 -11 0
 -15 14 -14 -12 11 -10 0
 -15 14 -14 -12 -10 12 0
 -15 14 -14 -12 -10 -11 0
 -15 14 -14 -12 -10 -10 0
 -15 14 -14 -11 -12 12 0
 -15 14 -14 -11 -12 -11 0
 -15 14 -14 -11 -12 -10 0
 -15 14 -14 -11 11 12 0
 -15 14 -14 -11 11 -11 0
 -15 14 -14 -11 11 -10 0
 -15 14 -14 -11 -10 12 0
 -15 14 -14 -11 -10 -11 0
 -15 14 -14 -11 -10 -10 0
 -15 14 -14 10 -12 12 0
 -15 14 -14 10 -12 -11 0
 -15 14 -14 10 -12 -10 0
 -15 14 -14 10 11 12 0
 -15 14 -14 10 11 -11 0
 -15 14 -14 10 11 -10 0
 -15 14 -14 10 -10 12 0
 -15 14 -14 10 -10 -11 0
 -15 14 -14 10 -10 -10 0
 -15 14 -13 -12 -12 12 0
 -15 14 -13 -12 -12 -11 0
 -15 14 -13 -12 -12 -10 0
 -15 14 -13 -12 11 12 0
 -15 14 -13 -12 11 -11 0
 -15 14 -13 -12 11 -10 0
 -15 14 -13 -12 -10 12 0
 -15 14 -13 -12 -10 -11 0
 -15 14 -13 -12 -10 -10 0
 -15 14 -13 -11 -12 12 0
 -15 14 -13 -11 -12 -11 0
 -15 14 -13 -11 -12 -10 0
 -15 14 -13 -11 11 12 0
 -15 14 -13 -11 11 -11 0
 -15 14 -13 -11 11 -10 0
 -15 14 -13 -11 -10 12 0
 -15 14 -13 -11 -10 -11 0
 -15 14 -13 -11 -10 -10 0
 -15 14 -13 10 -12 12 0
 -15 14 -13 10 -12 -11 0
 -15 14 -13 10 -12 -10 0
 -15 14 -13 10 11 12 0
 -15 14 -13 10 11 -11 0
 -15 14 -13 10 11 -10 0
 -15 14 -13 10 -10 12 0
 -15 14 -13 10 -10 -11 0
 -15 14 -13 10 -10 -10 0
 -15 -13 15 -12 -12 12 0
 -15 -13 15 -12 -12 -11 0
 -15 -13 15 -12 -12 -10 0
 -15 -13 15 -12 11 12 0
 -15 -13 15 -12 11 -11 0
 -15 -13 15 -12 11 -10 0
 -15 -13 15 -12 -10 12 0
 -15 -13 15 -12 -10 -11 0
 -15 -13 15 -12 -10 -10 0
 -15 -13 15 -11 -12 12 0
 -15 -13 15 -11 -12 -11 0
 -15 -13 15 -11 -12 -10 0
 -15 -13 15 -11 11 12 0
 -15 -13 15 -11 11 -11 0
 -15 -13 15 -11 11 -10 0
 -15 -13 15 -11 -10 12 0
 -15 -13 15 -11 -10 -11 0
 -15 -13 15 -11 -10 -10 0
 -15 -13 15 10 -12 12 0
 -15 -13 15 10 -12 -11 0
 -15 -13 15 10 -12 -10 0
 -15 -13 15 10 11 12 0
 -15 -13 15 10 11 -11 0
 -15 -13 15 10 11 -10 0
 -15 -13 15 10 -10 12 0
 -15 -13 15 10 -10 -11 0
 -15 -13 15 10 -10 -10 0
 -15 -13 -14 -12 -12 12 0
 -15 -13 -14 -12 -12 -11 0
 -15 -13 -14 -12 -12 -10 0
 -15 -13 -14 -12 11 12 0
 -15 -13 -14 -12 11 -11 0
 -15 -13 -14 -12 11 -10 0
 -15 -13 -14 -12 -10 12 0
 -15 -13 -14 -12 -10 -11 0
 -15 -13 -14 -12 -10 -10 0
 -15 -13 -14 -11 -12 12 0
 -15 -13 -14 -11 -12 -11 0
 -15 -13 -14 -11 -12 -10 0
 -15 -13 -14 -11 11 12 0
 -15 -13 -14 -11 11 -11 0
 -15 -13 -14 -11 11 -10 0
 -15 -13 -14 -11 -10 12 0
 -15 -13 -14 -11 -10 -11 0
 -15 -13 -14 -11 -10 -10 0
 -15 -13 -14 10 -12 12 0
 -15 -13 -14 10 -12 -11 0
 -15 -13 -14 10 -12 -10 0
 -15 -13 -14 10 11 12 0
 -15 -13 -14 10 11 -11 0
 -15 -13 -14 10 11 -10 0
 -15 -13 -14 10 -10 12 0
 -15 -13 -14 10 -10 -11 0
 -15 -13 -14 10 -10 -10 0
 -15 -13 -13 -12 -12 12 0
 -15 -13 -13 -12 -12 -11 0
 -15 -13 -13 -12 -12 -10 0
 -15 -13 -13 -12 11 12 0
 -15 -13 -13 -12 11 -11 0
 -15 -13 -13 -12 11 -10 0
 -15 -13 -13 -12 -10 12 0
 -15 -13 -13 -12 -10 -11 0
 -15 -13 -13 -12 -10 -10 0
 -15 -13 -13 -11 -12 12 0
 -15 -13 -13 -11 -12 -11 0
 -15 -13 -13 -11 -12 -10 0
 -15 -13 -13 -11 11 12 0
 -15 -13 -13 -11 11 -11 0
 -15 -13 -13 -11 11 -10 0
 -15 -13 -13 -11 -10 12 0
 -15 -13 -13 -11 -10 -11 0
 -15 -13 -13 -11 -10 -10 0
 -15 -13 -13 10 -12 12 0
 -15 -13 -13 10 -12 -11 0
 -15 -13 -13 10 -12 -10 0
 -15 -13 -13 10 11 12 0
 -15 -13 -13 10 11 -11 0
 -15 -13 -13 10 11 -10 0
 -15 -13 -13 10 -10 12 0
 -15 -13 -13 10 -10 -11 0
 -15 -13 -13 10 -10 -10 0
 -14 -15 15 -12 -12 12 0
 -14 -15 15 -12 -12 -11 0
 -14 -15 15 -12 -12 -10 0
 -14 -15 15 -12 11 12 0
 -14 -15 15 -12 11 -11 0
 -14 -15 15 -12 11 -10 0
 -14 -15 15 -12 -10 12 0
 -14 -15 15 -12 -10 -11 0
 -14 -15 15 -12 -10 -10 0
 -14 -15 15 -11 -12 12 0
 -14 -15 15 -11 -12 -11 0
 -14 -15 15 -11 -12 -10 0
 -14 -15 15 -11 11 12 0
 -14 -15 15 -11 11 -11 0
 -14 -15 15 -11 11 -10 0
 -14 -15 15 -11 -10 12 0
 -14 -15 15 -11 -10 -11 0
 -14 -15 15 -11 -10 -10 0
 -14 -15 15 10 -12 12 0
 -14 -15 15 10 -12 -11 0
 -14 -15 15 10 -12 -10 0
 -14 -15 15 10 11 12 0
 -14 -15 15 10 11 -11 0
 -14 -15 15 10 11 -10 0
 -14 -15 15 10 -10 12 0
 -14 -15 15 10 -10 -11 0
 -14 -15 15 10 -10 -10 0
 -14 -15 -14 -12 -12 12 0
 -14 -15 -14 -12 -12 -11 0
 -14 -15 -14 -12 -12 -10 0
 -14 -15 -14 -12 11 12 0
 -14 -15 -14 -12 11 -11 0
 -14 -15 -14 -12 11 -10 0
 -14 -15 -14 -12 -10 12 0
 -14 -15 -14 -12 -10 -11 0
 -14 -15 -14 -12 -10 -10 0
 -14 -15 -14 -11 -12 12 0
 -14 -15 -14 -11 -12 -11 0
 -14 -15 -14 -11 -12 -10 0
 -14 -15 -14 -11 11 12 0
 -14 -15 -14 -11 11 -11 0
 -14 -15 -14 -11 11 -10 0
 -14 -15 -14 -11 -10 12 0
 -14 -15 -14 -11 -10 -11 0
 -14 -15 -14 -11 -10 -10 0
 -14 -15 -14 10 -12 12 0
 -14 -15 -14 10 -12 -11 0
 -14 -15 -14 10 -12 -10 0
 -14 -15 -14 10 11 12 0
 -14 -15 -14 10 11 -11 0
 -14 -15 -14 10 11 -10 0
 -14 -15 -14 10 -10 12 0
 -14 -15 -14 10 -10 -11 0
 -14 -15 -14 10 -10 -10 0
 -14 -15 -13 -12 -12 12 0
 -14 -15 -13 -12 -12 -11 0
 -14 -15 -13 -12 -12 -10 0
 -14 -15 -13 -12 11 12 0
 -14 -15 -13 -12 11 -11 0
 -14 -15 -13 -12 11 -10 0
 -14 -15 -13 -12 -10 12 0
 -14 -15 -13 -12 -10 -11 0
 -14 -15 -13 -12 -10 -10 0
 -14 -15 -13 -11 -12 12 0
 -14 -15 -13 -11 -12 -11 0
 -14 -15 -13 -11 -12 -10 0
 -14 -15 -13 -11 11 12 0
 -14 -15 -13 -11 11 -11 0
 -14 -15 -13 -11 11 -10 0
 -14 -15 -13 -11 -10 12 0
 -14 -15 -13 -11 -10 -11 0
 -14 -15 -13 -11 -10 -10 0
 -14 -15 -13 10 -12 12 0
 -14 -15 -13 10 -12 -11 0
 -14 -15 -13 10 -12 -10 0
 -14 -15 -13 10 11 12 0
 -14 -15 -13 10 11 -11 0
 -14 -15 -13 10 11 -10 0
 -14 -15 -13 10 -10 12 0
 -14 -15 -13 10 -10 -11 0
 -14 -15 -13 10 -10 -10 0
 -14 14 15 -12 -12 12 0
 -14 14 15 -12 -12 -11 0
 -14 14 15 -12 -12 -10 0
 -14 14 15 -12 11 12 0
 -14 14 15 -12 11 -11 0
 -14 14 15 -12 11 -10 0
 -14 14 15 -12 -10 12 0
 -14 14 15 -12 -10 -11 0
 -14 14 15 -12 -10 -10 0
 -14 14 15 -11 -12 12 0
 -14 14 15 -11 -12 -11 0
 -14 14 15 -11 -12 -10 0
 -14 14 15 -11 11 12 0
 -14 14 15 -11 11 -11 0
 -14 14 15 -11 11 -10 0
 -14 14 15 -11 -10 12 0
 -14 14 15 -11 -10 -11 0
 -14 14 15 -11 -10 -10 0
 -14 14 15 10 -12 12 0
 -14 14 15 10 -12 -11 0
 -14 14 15 10 -12 -10 0
 -14 14 15 10 11 12 0
 -14 14 15 10 11 -11 0
 -14 14 15 10 11 -10 0
 -14 14 15 10 -10 12 0
 -14 14 15 10 -10 -11 0
 -14 14 15 10 -10 -10 0
 -14 14 -14 -12 -12 12 0
 -14 14 -14 -12 -12 -11 0
 -14 14 -14 -12 -12 -10 0
 -14 14 -14 -12 11 12 0
 -14 14 -14 -12 11 -11 0
 -14 14 -14 -12 11 -10 0
 -14 14 -14 -12 -10 12 0
 -14 14 -14 -12 -10 -11 0
 -14 14 -14 -12 -10 -10 0
 -14 14 -14 -11 -12 12 0
 -14 14 -14 -11 -12 -11 0
 -14 14 -14 -11 -12 -10 0
 -14 14 -14 -11 11 12 0
 -14 14 -14 -11 11 -11 0
 -14 14 -14 -11 11 -10 0
 -14 14 -14 -11 -10 12 0
 -14 14 -14 -11 -10 -11 0
 -14 14 -14 -11 -10 -10 0
 -14 14 -14 10 -12 12 0
 -14 14 -14 10 -12 -11 0
 -14 14 -14 10 -12 -10 0
 -14 14 -14 10 11 12 0
 -14 14 -14 10 11 -11 0
 -14 14 -14 10 11 -10 0
 -14 14 -14 10 -10 12 0
 -14 14 -14 10 -10 -11 0
 -14 14 -14 10 -10 -10 0
 -14 14 -13 -12 -12 12 0
 -14 14 -13 -12 -12 -11 0
 -14 14 -13 -12 -12 -10 0
 -14 14 -13 -12 11 12 0
 -14 14 -13 -12 11 -11 0
 -14 14 -13 -12 11 -10 0
 -14 14 -13 -12 -10 12 0
 -14 14 -13 -12 -10 -11 0
 -14 14 -13 -12 -10 -10 0
 -14 14 -13 -11 -12 12 0
 -14 14 -13 -11 -12 -11 0
 -14 14 -13 -11 -12 -10 0
 -14 14 -13 -11 11 12 0
 -14 14 -13 -11 11 -11 0
 -14 14 -13 -11 11 -10 0
 -14 14 -13 -11 -10 12 0
 -14 14 -13 -11 -10 -11 0
 -14 14 -13 -11 -10 -10 0
 -14 14 -13 10 -12 12 0
 -14 14 -13 10 -12 -11 0
 -14 14 -13 10 -12 -10 0
 -14 14 -13 10 11 12 0
 -14 14 -13 10 11 -11 0
 -14 14 -13 10 11 -10 0
 -14 14 -13 10 -10 12 0
 -14 14 -13 10 -10 -11 0
 -14 14 -13 10 -10 -10 0
 -14 -13 15 -12 -12 12 0
 -14 -13 15 -12 -12 -11 0
 -14 -13 15 -12 -12 -10 0
 -14 -13 15 -12 11 12 0
 -14 -13 15 -12 11 -11 0
 -14 -13 15 -12 11 -10 0
 -14 -13 15 -12 -10 12 0
 -14 -13 15 -12 -10 -11 0
 -14 -13 15 -12 -10 -10 0
 -14 -13 15 -11 -12 12 0
 -14 -13 15 -11 -12 -11 0
 -14 -13 15 -11 -12 -10 0
 -14 -13 15 -11 11 12 0
 -14 -13 15 -11 11 -11 0
 -14 -13 15 -11 11 -10 0
 -14 -13 15 -11 -10 12 0
 -14 -13 15 -11 -10 -11 0
 -14 -13 15 -11 -10 -10 0
 -14 -13 15 10 -12 12 0
 -14 -13 15 10 -12 -11 0
 -14 -13 15 10 -12 -10 0
 -14 -13 15 10 11 12 0
 -14 -13 15 10 11 -11 0
 -14 -13 15 10 11 -10 0
 -14 -13 15 10 -10 12 0
 -14 -13 15 10 -10 -11 0
 -14 -13 15 10 -10 -10 0
 -14 -13 -14 -12 -12 12 0
 -14 -13 -14 -12 -12 -11 0
 -14 -13 -14 -12 -12 -10 0
 -14 -13 -14 -12 11 12 0
 -14 -13 -14 -12 11 -11 0
 -14 -13 -14 -12 11 -10 0
 -14 -13 -14 -12 -10 12 0
 -14 -13 -14 -12 -10 -11 0
 -14 -13 -14 -12 -10 -10 0
 -14 -13 -14 -11 -12 12 0
 -14 -13 -14 -11 -12 -11 0
 -14 -13 -14 -11 -12 -10 0
 -14 -13 -14 -11 11 12 0
 -14 -13 -14 -11 11 -11 0
 -14 -13 -14 -11 11 -10 0
 -14 -13 -14 -11 -10 12 0
 -14 -13 -14 -11 -10 -11 0
 -14 -13 -14 -11 -10 -10 0
 -14 -13 -14 10 -12 12 0
 -14 -13 -14 10 -12 -11 0
 -14 -13 -14 10 -12 -10 0
 -14 -13 -14 10 11 12 0
 -14 -13 -14 10 11 -11 0
 -14 -13 -14 10 11 -10 0
 -14 -13 -14 10 -10 12 0
 -14 -13 -14 10 -10 -11 0
 -14 -13 -14 10 -10 -10 0
 -14 -13 -13 -12 -12 12 0
 -14 -13 -13 -12 -12 -11 0
 -14 -13 -13 -12 -12 -10 0
 -14 -13 -13 -12 11 12 0
 -14 -13 -13 -12 11 -11 0
 -14 -13 -13 -12 11 -10 0
 -14 -13 -13 -12 -10 12 0
 -14 -13 -13 -12 -10 -11 0
 -14 -13 -13 -12 -10 -10 0
 -14 -13 -13 -11 -12 12 0
 -14 -13 -13 -11 -12 -11 0
 -14 -13 -13 -11 -12 -10 0
 -14 -13 -13 -11 11 12 0
 -14 -13 -13 -11 11 -11 0
 -14 -13 -13 -11 11 -10 0
 -14 -13 -13 -11 -10 12 0
 -14 -13 -13 -11 -10 -11 0
 -14 -13 -13 -11 -10 -10 0
 -14 -13 -13 10 -12 12 0
 -14 -13 -13 10 -12 -11 0
 -14 -13 -13 10 -12 -10 0
 -14 -13 -13 10 11 12 0
 -14 -13 -13 10 11 -11 0
 -14 -13 -13 10 11 -10 0
 -14 -13 -13 10 -10 12 0
 -14 -13 -13 10 -10 -11 0
 -14 -13 -13 10 -10 -10 0
 13 -15 15 -12 -12 12 0
 13 -15 15 -12 -12 -11 0
 13 -15 15 -12 -12 -10 0
 13 -15 15 -12 11 12 0
 13 -15 15 -12 11 -11 0
 13 -15 15 -12 11 -10 0
 13 -15 15 -12 -10 12 0
 13 -15 15 -12 -10 -11 0
 13 -15 15 -12 -10 -10 0
 13 -15 15 -11 -12 12 0
 13 -15 15 -11 -12 -11 0
 13 -15 15 -11 -12 -10 0
 13 -15 15 -11 11 12 0
 13 -15 15 -11 11 -11 0
 13 -15 15 -11 11 -10 0
 13 -15 15 -11 -10 12 0
 13 -15 15 -11 -10 -11 0
 13 -15 15 -11 -10 -10 0
 13 -15 15 10 -12 12 0
 13 -15 15 10 -12 -11 0
 13 -15 15 10 -12 -10 0
 13 -15 15 10 11 12 0
 13 -15 15 10 11 -11 0
 13 -15 15 10 11 -10 0
 13 -15 15 10 -10 12 0
 13 -15 15 10 -10 -11 0
 13 -15 15 10 -10 -10 0
 13 -15 -14 -12 -12 12 0
 13 -15 -14 -12 -12 -11 0
 13 -15 -14 -12 -12 -10 0
 13 -15 -14 -12 11 12 0
 13 -15 -14 -12 11 -11 0
 13 -15 -14 -12 11 -10 0
 13 -15 -14 -12 -10 12 0
 13 -15 -14 -12 -10 -11 0
 13 -15 -14 -12 -10 -10 0
 13 -15 -14 -11 -12 12 0
 13 -15 -14 -11 -12 -11 0
 13 -15 -14 -11 -12 -10 0
 13 -15 -14 -11 11 12 0
 13 -15 -14 -11 11 -11 0
 13 -15 -14 -11 11 -10 0
 13 -15 -14 -11 -10 12 0
 13 -15 -14 -11 -10 -11 0
 13 -15 -14 -11 -10 -10 0
 13 -15 -14 10 -12 12 0
 13 -15 -14 10 -12 -11 0
 13 -15 -14 10 -12 -10 0
 13 -15 -14 10 11 12 0
 13 -15 -14 10 11 -11 0
 13 -15 -14 10 11 -10 0
 13 -15 -14 10 -10 12 0
 13 -15 -14 10 -10 -11 0
 13 -15 -14 10 -10 -10 0
 13 -15 -13 -12 -12 12 0
 13 -15 -13 -12 -12 -11 0
 13 -15 -13 -12 -12 -10 0
 13 -15 -13 -12 11 12 0
 13 -15 -13 -12 11 -11 0
 13 -15 -13 -12 11 -10 0
 13 -15 -13 -12 -10 12 0
 13 -15 -13 -12 -10 -11 0
 13 -15 -13 -12 -10 -10 0
 13 -15 -13 -11 -12 12 0
 13 -15 -13 -11 -12 -11 0
 13 -15 -13 -11 -12 -10 0
 13 -15 -13 -11 11 12 0
 13 -15 -13 -11 11 -11 0
 13 -15 -13 -11 11 -10 0
 13 -15 -13 -11 -10 12 0
 13 -15 -13 -11 -10 -11 0
 13 -15 -13 -11 -10 -10 0
 13 -15 -13 10 -12 12 0
 13 -15 -13 10 -12 -11 0
 13 -15 -13 10 -12 -10 0
 13 -15 -13 10 11 12 0
 13 -15 -13 10 11 -11 0
 13 -15 -13 10 11 -10 0
 13 -15 -13 10 -10 12 0
 13 -15 -13 10 -10 -11 0
 13 -15 -13 10 -10 -10 0
 13 14 15 -12 -12 12 0
 13 14 15 -12 -12 -11 0
 13 14 15 -12 -12 -10 0
 13 14 15 -12 11 12 0
 13 14 15 -12 11 -11 0
 13 14 15 -12 11 -10 0
 13 14 15 -12 -10 12 0
 13 14 15 -12 -10 -11 0
 13 14 15 -12 -10 -10 0
 13 14 15 -11 -12 12 0
 13 14 15 -11 -12 -11 0
 13 14 15 -11 -12 -10 0
 13 14 15 -11 11 12 0
 13 14 15 -11 11 -11 0
 13 14 15 -11 11 -10 0
 13 14 15 -11 -10 12 0
 13 14 15 -11 -10 -11 0
 13 14 15 -11 -10 -10 0
 13 14 15 10 -12 12 0
 13 14 15 10 -12 -11 0
 13 14 15 10 -12 -10 0
 13 14 15 10 11 12 0
 13 14 15 10 11 -11 0
 13 14 15 10 11 -10 0
 13 14 15 10 -10 12 0
 13 14 15 10 -10 -11 0
 13 14 15 10 -10 -10 0
 13 14 -14 -12 -12 12 0
 13 14 -14 -12 -12 -11 0
 13 14 -14 -12 -12 -10 0
 13 14 -14 -12 11 12 0
 13 14 -14 -12 11 -11 0
 13 14 -14 -12 11 -10 0
 13 14 -14 -12 -10 12 0
 13 14 -14 -12 -10 -11 0
 13 14 -14 -12 -10 -10 0
 13 14 -14 -11 -12 12 0
 13 14 -14 -11 -12 -11 0
 13 14 -14 -11 -12 -10 0
 13 14 -14 -11 11 12 0
 13 14 -14 -11 11 -11 0
 13 14 -14 -11 11 -10 0
 13 14 -14 -11 -10 12 0
 13 14 -14 -11 -10 -11 0
 13 14 -14 -11 -10 -10 0
 13 14 -14 10 -12 12 0
 13 14 -14 10 -12 -11 0
 13 14 -14 10 -12 -10 0
 13 14 -14 10 11 12 0
 13 14 -14 10 11 -11 0
 13 14 -14 10 11 -10 0
 13 14 -14 10 -10 12 0
 13 14 -14 10 -10 -11 0
 13 14 -14 10 -10 -10 0
 13 14 -13 -12 -12 12 0
 13 14 -13 -12 -12 -11 0
 13 14 -13 -12 -12 -10 0
 13 14 -13 -12 11 12 0
 13 14 -13 -12 11 -11 0
 13 14 -13 -12 11 -10 0
 13 14 -13 -12 -10 12 0
 13 14 -13 -12 -10 -11 0
 13 14 -13 -12 -10 -10 0
 13 14 -13 -11 -12 12 0
 13 14 -13 -11 -12 -11 0
 13 14 -13 -11 -12 -10 0
 13 14 -13 -11 11 12 0
 13 14 -13 -11 11 -11 0
 13 14 -13 -11 11 -10 0
 13 14 -13 -11 -10 12 0
 13 14 -13 -11 -10 -11 0
 13 14 -13 -11 -10 -10 0
 13 14 -13 10 -12 12 0
 13 14 -13 10 -12 -11 0
 13 14 -13 10 -12 -10 0
 13 14 -13 10 11 12 0
 13 14 -13 10 11 -11 0
 13 14 -13 10 11 -10 0
 13 14 -13 10 -10 12 0
 13 14 -13 10 -10 -11 0
 13 14 -13 10 -10 -10 0
 13 -13 15 -12 -12 12 0
 13 -13 15 -12 -12 -11 0
 13 -13 15 -12 -12 -10 0
 13 -13 15 -12 11 12 0
 13 -13 15 -12 11 -11 0
 13 -13 15 -12 11 -10 0
 13 -13 15 -12 -10 12 0
 13 -13 15 -12 -10 -11 0
 13 -13 15 -12 -10 -10 0
 13 -13 15 -11 -12 12 0
 13 -13 15 -11 -12 -11 0
 13 -13 15 -11 -12 -10 0
 13 -13 15 -11 11 12 0
 13 -13 15 -11 11 -11 0
 13 -13 15 -11 11 -10 0
 13 -13 15 -11 -10 12 0
 13 -13 15 -11 -10 -11 0
 13 -13 15 -11 -10 -10 0
 13 -13 15 10 -12 12 0
 13 -13 15 10 -12 -11 0
 13 -13 15 10 -12 -10 0
 13 -13 15 10 11 12 0
 13 -13 15 10 11 -11 0
 13 -13 15 10 11 -10 0
 13 -13 15 10 -10 12 0
 13 -13 15 10 -10 -11 0
 13 -13 15 10 -10 -10 0
 13 -13 -14 -12 -12 12 0
 13 -13 -14 -12 -12 -11 0
 13 -13 -14 -12 -12 -10 0
 13 -13 -14 -12 11 12 0
 13 -13 -14 -12 11 -11 0
 13 -13 -14 -12 11 -10 0
 13 -13 -14 -12 -10 12 0
 13 -13 -14 -12 -10 -11 0
 13 -13 -14 -12 -10 -10 0
 13 -13 -14 -11 -12 12 0
 13 -13 -14 -11 -12 -11 0
 13 -13 -14 -11 -12 -10 0
 13 -13 -14 -11 11 12 0
 13 -13 -14 -11 11 -11 0
 13 -13 -14 -11 11 -10 0
 13 -13 -14 -11 -10 12 0
 13 -13 -14 -11 -10 -11 0
 13 -13 -14 -11 -10 -10 0
 13 -13 -14 10 -12 12 0
 13 -13 -14 10 -12 -11 0
 13 -13 -14 10 -12 -10 0
 13 -13 -14 10 11 12 0
 13 -13 -14 10 11 -11 0
 13 -13 -14 10 11 -10 0
 13 -13 -14 10 -10 12 0
 13 -13 -14 10 -10 -11 0
 13 -13 -14 10 -10 -10 0
 13 -13 -13 -12 -12 12 0
 13 -13 -13 -12 -12 -11 0
 13 -13 -13 -12 -12 -10 0
 13 -13 -13 -12 11 12 0
 13 -13 -13 -12 11 -11 0
 13 -13 -13 -12 11 -10 0
 13 -13 -13 -12 -10 12 0
 13 -13 -13 -12 -10 -11 0
 13 -13 -13 -12 -10 -10 0
 13 -13 -13 -11 -12 12 0
 13 -13 -13 -11 -12 -11 0
 13 -13 -13 -11 -12 -10 0
 13 -13 -13 -11 11 12 0
 13 -13 -13 -11 11 -11 0
 13 -13 -13 -11 11 -10 0
 13 -13 -13 -11 -10 12 0
 13 -13 -13 -11 -10 -11 0
 13 -13 -13 -11 -10 -10 0
 13 -13 -13 10 -12 12 0
 13 -13 -13 10 -12 -11 0
 13 -13 -13 10 -12 -10 0
 13 -13 -13 10 11 12 0
 13 -13 -13 10 11 -11 0
 13 -13 -13 10 11 -10 0
 13 -13 -13 10 -10 12 0
 13 -13 -13 10 -10 -11 0
 13 -13 -13 10 -10 -10 0
 -36 -36 36 -33 -33 33 0
 -36 -36 36 -33 -33 -32 0
 -36 -36 36 -33 -33 -31 0
 -36 -36 36 -33 32 33 0
 -36 -36 36 -33 32 -32 0
 -36 -36 36 -33 32 -31 0
 -36 -36 36 -33 -31 33 0
 -36 -36 36 -33 -31 -32 0
 -36 -36 36 -33 -31 -31 0
 -36 -36 36 -32 -33 33 0
 -36 -36 36 -32 -33 -32 0
 -36 -36 36 -32 -33 -31 0
 -36 -36 36 -32 32 33 0
 -36 -36 36 -32 32 -32 0
 -36 -36 36 -32 32 -31 0
 -36 -36 36 -32 -31 33 0
 -36 -36 36 -32 -31 -32 0
 -36 -36 36 -32 -31 -31 0
 -36 -36 36 31 -33 33 0
 -36 -36 36 31 -33 -32 0
 -36 -36 36 31 -33 -31 0
 -36 -36 36 31 32 33 0
 -36 -36 36 31 32 -32 0
 -36 -36 36 31 32 -31 0
 -36 -36 36 31 -31 33 0
 -36 -36 36 31 -31 -32 0
 -36 -36 36 31 -31 -31 0
 -36 -36 -35 -33 -33 33 0
 -36 -36 -35 -33 -33 -32 0
 -36 -36 -35 -33 -33 -31 0
 -36 -36 -35 -33 32 33 0
 -36 -36 -35 -33 32 -32 0
 -36 -36 -35 -33 32 -31 0
 -36 -36 -35 -33 -31 33 0
 -36 -36 -35 -33 -31 -32 0
 -36 -36 -35 -33 -31 -31 0
 -36 -36 -35 -32 -33 33 0
 -36 -36 -35 -32 -33 -32 0
 -36 -36 -35 -32 -33 -31 0
 -36 -36 -35 -32 32 33 0
 -36 -36 -35 -32 32 -32 0
 -36 -36 -35 -32 32 -31 0
 -36 -36 -35 -32 -31 33 0
 -36 -36 -35 -32 -31 -32 0
 -36 -36 -35 -32 -31 -31 0
 -36 -36 -35 31 -33 33 0
 -36 -36 -35 31 -33 -32 0
 -36 -36 -35 31 -33 -31 0
 -36 -36 -35 31 32 33 0
 -36 -36 -35 31 32 -32 0
 -36 -36 -35 31 32 -31 0
 -36 -36 -35 31 -31 33 0
 -36 -36 -35 31 -31 -32 0
 -36 -36 -35 31 -31 -31 0
 -36 -36 -34 -33 -33 33 0
 -36 -36 -34 -33 -33 -32 0
 -36 -36 -34 -33 -33 -31 0
 -36 -36 -34 -33 32 33 0
 -36 -36 -34 -33 32 -32 0
 -36 -36 -34 -33 32 -31 0
 -36 -36 -34 -33 -31 33 0
 -36 -36 -34 -33 -31 -32 0
 -36 -36 -34 -33 -31 -31 0
 -36 -36 -34 -32 -33 33 0
 -36 -36 -34 -32 -33 -32 0
 -36 -36 -34 -32 -33 -31 0
 -36 -36 -34 -32 32 33 0
 -36 -36 -34 -32 32 -32 0
 -36 -36 -34 -32 32 -31 0
 -36 -36 -34 -32 -31 33 0
 -36 -36 -34 -32 -31 -32 0
 -36 -36 -34 -32 -31 -31 0
 -36 -36 -34 31 -33 33 0
 -36 -36 -34 31 -33 -32 0
 -36 -36 -34 31 -33 -31 0
 -36 -36 -34 31 32 33 0
 -36 -36 -34 31 32 -32 0
 -36 -36 -34 31 32 -31 0
 -36 -36 -34 31 -31 33 0
 -36 -36 -34 31 -31 -32 0
 -36 -36 -34 31 -31 -31 0
 -36 35 36 -33 -33 33 0
 -36 35 36 -33 -33 -32 0
 -36 35 36 -33 -33 -31 0
 -36 35 36 -33 32 33 0
 -36 35 36 -33 32 -32 0
 -36 35 36 -33 32 -31 0
 -36 35 36 -33 -31 33 0
 -36 35 36 -33 -31 -32 0
 -36 35 36 -33 -31 -31 0
 -36 35 36 -32 -33 33 0
 -36 35 36 -32 -33 -32 0
 -36 35 36 -32 -33 -31 0
 -36 35 36 -32 32 33 0
 -36 35 36 -32 32 -32 0
 -36 35 36 -32 32 -31 0
 -36 35 36 -32 -31 33 0
 -36 35 36 -32 -31 -32 0
 -36 35 36 -32 -31 -31 0
 -36 35 36 31 -33 33 0
 -36 35 36 31 -33 -32 0
 -36 35 36 31 -33 -31 0
 -36 35 36 31 32 33 0
 -36 35 36 31 32 -32 0
 -36 35 36 31 32 -31 0
 -36 35 36 31 -31 33 0
 -36 35 36 31 -31 -32 0
 -36 35 36 31 -31 -31 0
 -36 35 -35 -33 -33 33 0
 -36 35 -35 -33 -33 -32 0
 -36 35 -35 -33 -33 -31 0
 -36 35 -35 -33 32 33 0
 -36 35 -35 -33 32 -32 0
 -36 35 -35 -33 32 -31 0
 -36 35 -35 -33 -31 33 0
 -36 35 -35 -33 -31 -32 0
 -36 35 -35 -33 -31 -31 0
 -36 35 -35 -32 -33 33 0
 -36 35 -35 -32 -33 -32 0
 -36 35 -35 -32 -33 -31 0
 -36 35 -35 -32 32 33 0
 -36 35 -35 -32 32 -32 0
 -36 35 -35 -32 32 -31 0
 -36 35 -35 -32 -31 33 0
 -36 35 -35 -32 -31 -32 0
 -36 35 -35 -32 -31 -31 0
 -36 35 -35 31 -33 33 0
 -36 35 -35 31 -33 -32 0
 -36 35 -35 31 -33 -31 0
 -36 35 -35 31 32 33 0
 -36 35 -35 31 32 -32 0
 -36 35 -35 31 32 -31 0
 -36 35 -35 31 -31 33 0
 -36 35 -35 31 -31 -32 0
 -36 35 -35 31 -31 -31 0
 -36 35 -34 -33 -33 33 0
 -36 35 -34 -33 -33 -32 0
 -36 35 -34 -33 -33 -31 0
 -36 35 -34 -33 32 33 0
 -36 35 -34 -33 32 -32 0
 -36 35 -34 -33 32 -31 0
 -36 35 -34 -33 -31 33 0
 -36 35 -34 -33 -31 -32 0
 -36 35 -34 -33 -31 -31 0
 -36 35 -34 -32 -33 33 0
 -36 35 -34 -32 -33 -32 0
 -36 35 -34 -32 -33 -31 0
 -36 35 -34 -32 32 33 0
 -36 35 -34 -32 32 -32 0
 -36 35 -34 -32 32 -31 0
 -36 35 -34 -32 -31 33 0
 -36 35 -34 -32 -31 -32 0
 -36 35 -34 -32 -31 -31 0
 -36 35 -34 31 -33 33 0
 -36 35 -34 31 -33 -32 0
 -36 35 -34 31 -33 -31 0
 -36 35 -34 31 32 33 0
 -36 35 -34 31 32 -32 0
 -36 35 -34 31 32 -31 0
 -36 35 -34 31 -31 33 0
 -36 35 -34 31 -31 -32 0
 -36 35 -34 31 -31 -31 0
 -36 -34 36 -33 -33 33 0
 -36 -34 36 -33 -33 -32 0
 -36 -34 36 -33 -33 -31 0
 -36 -34 36 -33 32 33 0
 -36 -34 36 -33 32 -32 0
 -36 -34 36 -33 32 -31 0
 -36 -34 36 -33 -31 33 0
 -36 -34 36 -33 -31 -32 0
 -36 -34 36 -33 -31 -31 0
 -36 -34 36 -32 -33 33 0
 -36 -34 36 -32 -33 -32 0
 -36 -34 36 -32 -33 -31 0
 -36 -34 36 -32 32 33 0
 -36 -34 36 -32 32 -32 0
 -36 -34 36 -32 32 -31 0
 -36 -34 36 -32 -31 33 0
 -36 -34 36 -32 -31 -32 0
 -36 -34 36 -32 -31 -31 0
 -36 -34 36 31 -33 33 0
 -36 -34 36 31 -33 -32 0
 -36 -34 36 31 -33 -31 0
 -36 -34 36 31 32 33 0
 -36 -34 36 31 32 -32 0
 -36 -34 36 31 32 -31 0
 -36 -34 36 31 -31 33 0
 -36 -34 36 31 -31 -32 0
 -36 -34 36 31 -31 -31 0
 -36 -34 -35 -33 -33 33 0
 -36 -34 -35 -33 -33 -32 0
 -36 -34 -35 -33 -33 -31 0
 -36 -34 -35 -33 32 33 0
 -36 -34 -35 -33 32 -32 0
 -36 -34 -35 -33 32 -31 0
 -36 -34 -35 -33 -31 33 0
 -36 -34 -35 -33 -31 -32 0
 -36 -34 -35 -33 -31 -31 0
 -36 -34 -35 -32 -33 33 0
 -36 -34 -35 -32 -33 -32 0
 -36 -34 -35 -32 -33 -31 0
 -36 -34 -35 -32 32 33 0
 -36 -34 -35 -32 32 -32 0
 -36 -34 -35 -32 32 -31 0
 -36 -34 -35 -32 -31 33 0
 -36 -34 -35 -32 -31 -32 0
 -36 -34 -35 -32 -31 -31 0
 -36 -34 -35 31 -33 33 0
 -36 -34 -35 31 -33 -32 0
 -36 -34 -35 31 -33 -31 0
 -36 -34 -35 31 32 33 0
 -36 -34 -35 31 32 -32 0
 -36 -34 -35 31 32 -31 0
 -36 -34 -35 31 -31 33 0
 -36 -34 -35 31 -31 -32 0
 -36 -34 -35 31 -31 -31 0
 -36 -34 -34 -33 -33 33 0
 -36 -34 -34 -33 -33 -32 0
 -36 -34 -34 -33 -33 -31 0
 -36 -34 -34 -33 32 33 0
 -36 -34 -34 -33 32 -32 0
 -36 -34 -34 -33 32 -31 0
 -36 -34 -34 -33 -31 33 0
 -36 -34 -34 -33 -31 -32 0
 -36 -34 -34 -33 -31 -31 0
 -36 -34 -34 -32 -33 33 0
 -36 -34 -34 -32 -33 -32 0
 -36 -34 -34 -32 -33 -31 0
 -36 -34 -34 -32 32 33 0
 -36 -34 -34 -32 32 -32 0
 -36 -34 -34 -32 32 -31 0
 -36 -34 -34 -32 -31 33 0
 -36 -34 -34 -32 -31 -32 0
 -36 -34 -34 -32 -31 -31 0
 -36 -34 -34 31 -33 33 0
 -36 -34 -34 31 -33 -32 0
 -36 -34 -34 31 -33 -31 0
 -36 -34 -34 31 32 33 0
 -36 -34 -34 31 32 -32 0
 -36 -34 -34 31 32 -31 0
 -36 -34 -34 31 -31 33 0
 -36 -34 -34 31 -31 -32 0
 -36 -34 -34 31 -31 -31 0
 -35 -36 36 -33 -33 33 0
 -35 -36 36 -33 -33 -32 0
 -35 -36 36 -33 -33 -31 0
 -35 -36 36 -33 32 33 0
 -35 -36 36 -33 32 -32 0
 -35 -36 36 -33 32 -31 0
 -35 -36 36 -33 -31 33 0
 -35 -36 36 -33 -31 -32 0
 -35 -36 36 -33 -31 -31 0
 -35 -36 36 -32 -33 33 0
 -35 -36 36 -32 -33 -32 0
 -35 -36 36 -32 -33 -31 0
 -35 -36 36 -32 32 33 0
 -35 -36 36 -32 32 -32 0
 -35 -36 36 -32 32 -31 0
 -35 -36 36 -32 -31 33 0
 -35 -36 36 -32 -31 -32 0
 -35 -36 36 -32 -31 -31 0
 -35 -36 36 31 -33 33 0
 -35 -36 36 31 -33 -32 0
 -35 -36 36 31 -33 -31 0
 -35 -36 36 31 32 33 0
 -35 -36 36 31 32 -32 0
 -35 -36 36 31 32 -31 0
 -35 -36 36 31 -31 33 0
 -35 -36 36 31 -31 -32 0
 -35 -36 36 31 -31 -31 0
 -35 -36 -35 -33 -33 33 0
 -35 -36 -35 -33 -33 -32 0
 -35 -36 -35 -33 -33 -31 0
 -35 -36 -35 -33 32 33 0
 -35 -36 -35 -33 32 -32 0
 -35 -36 -35 -33 32 -31 0
 -35 -36 -35 -33 -31 33 0
 -35 -36 -35 -33 -31 -32 0
 -35 -36 -35 -33 -31 -31 0
 -35 -36 -35 -32 -33 33 0
 -35 -36 -35 -32 -33 -32 0
 -35 -36 -35 -32 -33 -31 0
 -35 -36 -35 -32 32 33 0
 -35 -36 -35 -32 32 -32 0
 -35 -36 -35 -32 32 -31 0
 -35 -36 -35 -32 -31 33 0
 -35 -36 -35 -32 -31 -32 0
 -35 -36 -35 -32 -31 -31 0
 -35 -36 -35 31 -33 33 0
 -35 -36 -35 31 -33 -32 0
 -35 -36 -35 31 -33 -31 0
 -35 -36 -35 31 32 33 0
 -35 -36 -35 31 32 -32 0
 -35 -36 -35 31 32 -31 0
 -35 -36 -35 31 -31 33 0
 -35 -36 -35 31 -31 -32 0
 -35 -36 -35 31 -31 -31 0
 -35 -36 -34 -33 -33 33 0
 -35 -36 -34 -33 -33 -32 0
 -35 -36 -34 -33 -33 -31 0
 -35 -36 -34 -33 32 33 0
 -35 -36 -34 -33 32 -32 0
 -35 -36 -34 -33 32 -31 0
 -35 -36 -34 -33 -31 33 0
 -35 -36 -34 -33 -31 -32 0
 -35 -36 -34 -33 -31 -31 0
 -35 -36 -34 -32 -33 33 0
 -35 -36 -34 -32 -33 -32 0
 -35 -36 -34 -32 -33 -31 0
 -35 -36 -34 -32 32 33 0
 -35 -36 -34 -32 32 -32 0
 -35 -36 -34 -32 32 -31 0
 -35 -36 -34 -32 -31 33 0
 -35 -36 -34 -32 -31 -32 0
 -35 -36 -34 -32 -31 -31 0
 -35 -36 -34 31 -33 33 0
 -35 -36 -34 31 -33 -32 0
 -35 -36 -34 31 -33 -31 0
 -35 -36 -34 31 32 33 0
 -35 -36 -34 31 32 -32 0
 -35 -36 -34 31 32 -31 0
 -35 -36 -34 31 -31 33 0
 -35 -36 -34 31 -31 -32 0
 -35 -36 -34 31 -31 -31 0
 -35 35 36 -33 -33 33 0
 -35 35 36 -33 -33 -32 0
 -35 35 36 -33 -33 -31 0
 -35 35 36 -33 32 33 0
 -35 35 36 -33 32 -32 0
 -35 35 36 -33 32 -31 0
 -35 35 36 -33 -31 33 0
 -35 35 36 -33 -31 -32 0
 -35 35 36 -33 -31 -31 0
 -35 35 36 -32 -33 33 0
 -35 35 36 -32 -33 -32 0
 -35 35 36 -32 -33 -31 0
 -35 35 36 -32 32 33 0
 -35 35 36 -32 32 -32 0
 -35 35 36 -32 32 -31 0
 -35 35 36 -32 -31 33 0
 -35 35 36 -32 -31 -32 0
 -35 35 36 -32 -31 -31 0
 -35 35 36 31 -33 33 0
 -35 35 36 31 -33 -32 0
 -35 35 36 31 -33 -31 0
 -35 35 36 31 32 33 0
 -35 35 36 31 32 -32 0
 -35 35 36 31 32 -31 0
 -35 35 36 31 -31 33 0
 -35 35 36 31 -31 -32 0
 -35 35 36 31 -31 -31 0
 -35 35 -35 -33 -33 33 0
 -35 35 -35 -33 -33 -32 0
 -35 35 -35 -33 -33 -31 0
 -35 35 -35 -33 32 33 0
 -35 35 -35 -33 32 -32 0
 -35 35 -35 -33 32 -31 0
 -35 35 -35 -33 -31 33 0
 -35 35 -35 -33 -31 -32 0
 -35 35 -35 -33 -31 -31 0
 -35 35 -35 -32 -33 33 0
 -35 35 -35 -32 -33 -32 0
 -35 35 -35 -32 -33 -31 0
 -35 35 -35 -32 32 33 0
 -35 35 -35 -32 32 -32 0
 -35 35 -35 -32 32 -31 0
 -35 35 -35 -32 -31 33 0
 -35 35 -35 -32 -31 -32 0
 -35 35 -35 -32 -31 -31 0
 -35 35 -35 31 -33 33 0
 -35 35 -35 31 -33 -32 0
 -35 35 -35 31 -33 -31 0
 -35 35 -35 31 32 33 0
 -35 35 -35 31 32 -32 0
 -35 35 -35 31 32 -31 0
 -35 35 -35 31 -31 33 0
 -35 35 -35 31 -31 -32 0
 -35 35 -35 31 -31 -31 0
 -35 35 -34 -33 -33 33 0
 -35 35 -34 -33 -33 -32 0
 -35 35 -34 -33 -33 -31 0
 -35 35 -34 -33 32 33 0
 -35 35 -34 -33 32 -32 0
 -35 35 -34 -33 32 -31 0
 -35 35 -34 -33 -31 33 0
 -35 35 -34 -33 -31 -32 0
 -35 35 -34 -33 -31 -31 0
 -35 35 -34 -32 -33 33 0
 -35 35 -34 -32 -33 -32 0
 -35 35 -34 -32 -33 -31 0
 -35 35 -34 -32 32 33 0
 -35 35 -34 -32 32 -32 0
 -35 35 -34 -32 32 -31 0
 -35 35 -34 -32 -31 33 0
 -35 35 -34 -32 -31 -32 0
 -35 35 -34 -32 -31 -31 0
 -35 35 -34 31 -33 33 0
 -35 35 -34 31 -33 -32 0
 -35 35 -34 31 -33 -31 0
 -35 35 -34 31 32 33 0
 -35 35 -34 31 32 -32 0
 -35 35 -34 31 32 -31 0
 -35 35 -34 31 -31 33 0
 -35 35 -34 31 -31 -32 0
 -35 35 -34 31 -31 -31 0
 -35 -34 36 -33 -33 33 0
 -35 -34 36 -33 -33 -32 0
 -35 -34 36 -33 -33 -31 0
 -35 -34 36 -33 32 33 0
 -35 -34 36 -33 32 -32 0
 -35 -34 36 -33 32 -31 0
 -35 -34 36 -33 -31 33 0
 -35 -34 36 -33 -31 -32 0
 -35 -34 36 -33 -31 -31 0
 -35 -34 36 -32 -33 33 0
 -35 -34 36 -32 -33 -32 0
 -35 -34 36 -32 -33 -31 0
 -35 -34 36 -32 32 33 0
 -35 -34 36 -32 32 -32 0
 -35 -34 36 -32 32 -31 0
 -35 -34 36 -32 -31 33 0
 -35 -34 36 -32 -31 -32 0
 -35 -34 36 -32 -31 -31 0
 -35 -34 36 31 -33 33 0
 -35 -34 36 31 -33 -32 0
 -35 -34 36 31 -33 -31 0
 -35 -34 36 31 32 33 0
 -35 -34 36 31 32 -32 0
 -35 -34 36 31 32 -31 0
 -35 -34 36 31 -31 33 0
 -35 -34 36 31 -31 -32 0
 -35 -34 36 31 -31 -31 0
 -35 -34 -35 -33 -33 33 0
 -35 -34 -35 -33 -33 -32 0
 -35 -34 -35 -33 -33 -31 0
 -35 -34 -35 -33 32 33 0
 -35 -34 -35 -33 32 -32 0
 -35 -34 -35 -33 32 -31 0
 -35 -34 -35 -33 -31 33 0
 -35 -34 -35 -33 -31 -32 0
 -35 -34 -35 -33 -31 -31 0
 -35 -34 -35 -32 -33 33 0
 -35 -34 -35 -32 -33 -32 0
 -35 -34 -35 -32 -33 -31 0
 -35 -34 -35 -32 32 33 0
 -35 -34 -35 -32 32 -32 0
 -35 -34 -35 -32 32 -31 0
 -35 -34 -35 -32 -31 33 0
 -35 -34 -35 -32 -31 -32 0
 -35 -34 -35 -32 -31 -31 0
 -35 -34 -35 31 -33 33 0
 -35 -34 -35 31 -33 -32 0
 -35 -34 -35 31 -33 -31 0
 -35 -34 -35 31 32 33 0
 -35 -34 -35 31 32 -32 0
 -35 -34 -35 31 32 -31 0
 -35 -34 -35 31 -31 33 0
 -35 -34 -35 31 -31 -32 0
 -35 -34 -35 31 -31 -31 0
 -35 -34 -34 -33 -33 33 0
 -35 -34 -34 -33 -33 -32 0
 -35 -34 -34 -33 -33 -31 0
 -35 -34 -34 -33 32 33 0
 -35 -34 -34 -33 32 -32 0
 -35 -34 -34 -33 32 -31 0
 -35 -34 -34 -33 -31 33 0
 -35 -34 -34 -33 -31 -32 0
 -35 -34 -34 -33 -31 -31 0
 -35 -34 -34 -32 -33 33 0
 -35 -34 -34 -32 -33 -32 0
 -35 -34 -34 -32 -33 -31 0
 -35 -34 -34 -32 32 33 0
 -35 -34 -34 -32 32 -32 0
 -35 -34 -34 -32 32 -31 0
 -35 -34 -34 -32 -31 33 0
 -35 -34 -34 -32 -31 -32 0
 -35 -34 -34 -32 -31 -31 0
 -35 -34 -34 31 -33 33 0
 -35 -34 -34 31 -33 -32 0
 -35 -34 -34 31 -33 -31 0
 -35 -34 -34 31 32 33 0
 -35 -34 -34 31 32 -32 0
 -35 -34 -34 31 32 -31 0
 -35 -34 -34 31 -31 33 0
 -35 -34 -34 31 -31 -32 0
 -35 -34 -34 31 -31 -31 0
 34 -36 36 -33 -33 33 0
 34 -36 36 -33 -33 -32 0
 34 -36 36 -33 -33 -31 0
 34 -36 36 -33 32 33 0
 34 -36 36 -33 32 -32 0
 34 -36 36 -33 32 -31 0
 34 -36 36 -33 -31 33 0
 34 -36 36 -33 -31 -32 0
 34 -36 36 -33 -31 -31 0
 34 -36 36 -32 -33 33 0
 34 -36 36 -32 -33 -32 0
 34 -36 36 -32 -33 -31 0
 34 -36 36 -32 32 33 0
 34 -36 36 -32 32 -32 0
 34 -36 36 -32 32 -31 0
 34 -36 36 -32 -31 33 0
 34 -36 36 -32 -31 -32 0
 34 -36 36 -32 -31 -31 0
 34 -36 36 31 -33 33 0
 34 -36 36 31 -33 -32 0
 34 -36 36 31 -33 -31 0
 34 -36 36 31 32 33 0
 34 -36 36 31 32 -32 0
 34 -36 36 31 32 -31 0
 34 -36 36 31 -31 33 0
 34 -36 36 31 -31 -32 0
 34 -36 36 31 -31 -31 0
 34 -36 -35 -33 -33 33 0
 34 -36 -35 -33 -33 -32 0
 34 -36 -35 -33 -33 -31 0
 34 -36 -35 -33 32 33 0
 34 -36 -35 -33 32 -32 0
 34 -36 -35 -33 32 -31 0
 34 -36 -35 -33 -31 33 0
 34 -36 -35 -33 -31 -32 0
 34 -36 -35 -33 -31 -31 0
 34 -36 -35 -32 -33 33 0
 34 -36 -35 -32 -33 -32 0
 34 -36 -35 -32 -33 -31 0
 34 -36 -35 -32 32 33 0
 34 -36 -35 -32 32 -32 0
 34 -36 -35 -32 32 -31 0
 34 -36 -35 -32 -31 33 0
 34 -36 -35 -32 -31 -32 0
 34 -36 -35 -32 -31 -31 0
 34 -36 -35 31 -33 33 0
 34 -36 -35 31 -33 -32 0
 34 -36 -35 31 -33 -31 0
 34 -36 -35 31 32 33 0
 34 -36 -35 31 32 -32 0
 34 -36 -35 31 32 -31 0
 34 -36 -35 31 -31 33 0
 34 -36 -35 31 -31 -32 0
 34 -36 -35 31 -31 -31 0
 34 -36 -34 -33 -33 33 0
 34 -36 -34 -33 -33 -32 0
 34 -36 -34 -33 -33 -31 0
 34 -36 -34 -33 32 33 0
 34 -36 -34 -33 32 -32 0
 34 -36 -34 -33 32 -31 0
 34 -36 -34 -33 -31 33 0
 34 -36 -34 -33 -31 -32 0
 34 -36 -34 -33 -31 -31 0
 34 -36 -34 -32 -33 33 0
 34 -36 -34 -32 -33 -32 0
 34 -36 -34 -32 -33 -31 0
 34 -36 -34 -32 32 33 0
 34 -36 -34 -32 32 -32 0
 34 -36 -34 -32 32 -31 0
 34 -36 -34 -32 -31 33 0
 34 -36 -34 -32 -31 -32 0
 34 -36 -34 -32 -31 -31 0
 34 -36 -34 31 -33 33 0
 34 -36 -34 31 -33 -32 0
 34 -36 -34 31 -33 -31 0
 34 -36 -34 31 32 33 0
 34 -36 -34 31 32 -32 0
 34 -36 -34 31 32 -31 0
 34 -36 -34 31 -31 33 0
 34 -36 -34 31 -31 -32 0
 34 -36 -34 31 -31 -31 0
 34 35 36 -33 -33 33 0
 34 35 36 -33 -33 -32 0
 34 35 36 -33 -33 -31 0
 34 35 36 -33 32 33 0
 34 35 36 -33 32 -32 0
 34 35 36 -33 32 -31 0
 34 35 36 -33 -31 33 0
 34 35 36 -33 -31 -32 0
 34 35 36 -33 -31 -31 0
 34 35 36 -32 -33 33 0
 34 35 36 -32 -33 -32 0
 34 35 36 -32 -33 -31 0
 34 35 36 -32 32 33 0
 34 35 36 -32 32 -32 0
 34 35 36 -32 32 -31 0
 34 35 36 -32 -31 33 0
 34 35 36 -32 -31 -32 0
 34 35 36 -32 -31 -31 0
 34 35 36 31 -33 33 0
 34 35 36 31 -33 -32 0
 34 35 36 31 -33 -31 0
 34 35 36 31 32 33 0
 34 35 36 31 32 -32 0
 34 35 36 31 32 -31 0
 34 35 36 31 -31 33 0
 34 35 36 31 -31 -32 0
 34 35 36 31 -31 -31 0
 34 35 -35 -33 -33 33 0
 34 35 -35 -33 -33 -32 0
 34 35 -35 -33 -33 -31 0
 34 35 -35 -33 32 33 0
 34 35 -35 -33 32 -32 0
 34 35 -35 -33 32 -31 0
 34 35 -35 -33 -31 33 0
 34 35 -35 -33 -31 -32 0
 34 35 -35 -33 -31 -31 0
 34 35 -35 -32 -33 33 0
 34 35 -35 -32 -33 -32 0
 34 35 -35 -32 -33 -31 0
 34 35 -35 -32 32 33 0
 34 35 -35 -32 32 -32 0
 34 35 -35 -32 32 -31 0
 34 35 -35 -32 -31 33 0
 34 35 -35 -32 -31 -32 0
 34 35 -35 -32 -31 -31 0
 34 35 -35 31 -33 33 0
 34 35 -35 31 -33 -32 0
 34 35 -35 31 -33 -31 0
 34 35 -35 31 32 33 0
 34 35 -35 31 32 -32 0
 34 35 -35 31 32 -31 0
 34 35 -35 31 -31 33 0
 34 35 -35 31 -31 -32 0
 34 35 -35 31 -31 -31 0
 34 35 -34 -33 -33 33 0
 34 35 -34 -33 -33 -32 0
 34 35 -34 -33 -33 -31 0
 34 35 -34 -33 32 33 0
 34 35 -34 -33 32 -32 0
 34 35 -34 -33 32 -31 0
 34 35 -34 -33 -31 33 0
 34 35 -34 -33 -31 -32 0
 34 35 -34 -33 -31 -31 0
 34 35 -34 -32 -33 33 0
 34 35 -34 -32 -33 -32 0
 34 35 -34 -32 -33 -31 0
 34 35 -34 -32 32 33 0
 34 35 -34 -32 32 -32 0
 34 35 -34 -32 32 -31 0
 34 35 -34 -32 -31 33 0
 34 35 -34 -32 -31 -32 0
 34 35 -34 -32 -31 -31 0
 34 35 -34 31 -33 33 0
 34 35 -34 31 -33 -32 0
 34 35 -34 31 -33 -31 0
 34 35 -34 31 32 33 0
 34 35 -34 31 32 -32 0
 34 35 -34 31 32 -31 0
 34 35 -34 31 -31 33 0
 34 35 -34 31 -31 -32 0
 34 35 -34 31 -31 -31 0
 34 -34 36 -33 -33 33 0
 34 -34 36 -33 -33 -32 0
 34 -34 36 -33 -33 -31 0
 34 -34 36 -33 32 33 0
 34 -34 36 -33 32 -32 0
 34 -34 36 -33 32 -31 0
 34 -34 36 -33 -31 33 0
 34 -34 36 -33 -31 -32 0
 34 -34 36 -33 -31 -31 0
 34 -34 36 -32 -33 33 0
 34 -34 36 -32 -33 -32 0
 34 -34 36 -32 -33 -31 0
 34 -34 36 -32 32 33 0
 34 -34 36 -32 32 -32 0
 34 -34 36 -32 32 -31 0
 34 -34 36 -32 -31 33 0
 34 -34 36 -32 -31 -32 0
 34 -34 36 -32 -31 -31 0
 34 -34 36 31 -33 33 0
 34 -34 36 31 -33 -32 0
 34 -34 36 31 -33 -31 0
 34 -34 36 31 32 33 0
 34 -34 36 31 32 -32 0
 34 -34 36 31 32 -31 0
 34 -34 36 31 -31 33 0
 34 -34 36 31 -31 -32 0
 34 -34 36 31 -31 -31 0
 34 -34 -35 -33 -33 33 0
 34 -34 -35 -33 -33 -32 0
 34 -34 -35 -33 -33 -31 0
 34 -34 -35 -33 32 33 0
 34 -34 -35 -33 32 -32 0
 34 -34 -35 -33 32 -31 0
 34 -34 -35 -33 -31 33 0
 34 -34 -35 -33 -31 -32 0
 34 -34 -35 -33 -31 -31 0
 34 -34 -35 -32 -33 33 0
 34 -34 -35 -32 -33 -32 0
 34 -34 -35 -32 -33 -31 0
 34 -34 -35 -32 32 33 0
 34 -34 -35 -32 32 -32 0
 34 -34 -35 -32 32 -31 0
 34 -34 -35 -32 -31 33 0
 34 -34 -35 -32 -31 -32 0
 34 -34 -35 -32 -31 -31 0
 34 -34 -35 31 -33 33 0
 34 -34 -35 31 -33 -32 0
 34 -34 -35 31 -33 -31 0
 34 -34 -35 31 32 33 0
 34 -34 -35 31 32 -32 0
 34 -34 -35 31 32 -31 0
 34 -34 -35 31 -31 33 0
 34 -34 -35 31 -31 -32 0
 34 -34 -35 31 -31 -31 0
 34 -34 -34 -33 -33 33 0
 34 -34 -34 -33 -33 -32 0
 34 -34 -34 -33 -33 -31 0
 34 -34 -34 -33 32 33 0
 34 -34 -34 -33 32 -32 0
 34 -34 -34 -33 32 -31 0
 34 -34 -34 -33 -31 33 0
 34 -34 -34 -33 -31 -32 0
 34 -34 -34 -33 -31 -31 0
 34 -34 -34 -32 -33 33 0
 34 -34 -34 -32 -33 -32 0
 34 -34 -34 -32 -33 -31 0
 34 -34 -34 -32 32 33 0
 34 -34 -34 -32 32 -32 0
 34 -34 -34 -32 32 -31 0
 34 -34 -34 -32 -31 33 0
 34 -34 -34 -32 -31 -32 0
 34 -34 -34 -32 -31 -31 0
 34 -34 -34 31 -33 33 0
 34 -34 -34 31 -33 -32 0
 34 -34 -34 31 -33 -31 0
 34 -34 -34 31 32 33 0
 34 -34 -34 31 32 -32 0
 34 -34 -34 31 32 -31 0
 34 -34 -34 31 -31 33 0
 34 -34 -34 31 -31 -32 0
 34 -34 -34 31 -31 -31 0
 -30 -30 30 0
 -30 -30 -29 0
 -30 -30 -28 0
 -30 29 30 0
 -30 29 -29 0
 -30 29 -28 0
 -30 -28 30 0
 -30 -28 -29 0
 -30 -28 -28 0
 -29 -30 30 0
 -29 -30 -29 0
 -29 -30 -28 0
 -29 29 30 0
 -29 29 -29 0
 -29 29 -28 0
 -29 -28 30 0
 -29 -28 -29 0
 -29 -28 -28 0
 28 -30 30 0
 28 -30 -29 0
 28 -30 -28 0
 28 29 30 0
 28 29 -29 0
 28 29 -28 0
 28 -28 30 0
 28 -28 -29 0
 28 -28 -28 0
 -27 -27 27 0
 -27 -27 -26 0
 -27 -27 -25 0
 -27 26 27 0
 -27 26 -26 0
 -27 26 -25 0
 -27 -25 27 0
 -27 -25 -26 0
 -27 -25 -25 0
 -26 -27 27 0
 -26 -27 -26 0
 -26 -27 -25 0
 -26 26 27 0
 -26 26 -26 0
 -26 26 -25 0
 -26 -25 27 0
 -26 -25 -26 0
 -26 -25 -25 0
 25 -27 27 0
 25 -27 -26 0
 25 -27 -25 0
 25 26 27 0
 25 26 -26 0
 25 26 -25 0
 25 -25 27 0
 25 -25 -26 0
 25 -25 -25 0
 -6 -9 -6 0
 -6 -9 33 0
 -6 -9 9 0
 -6 -3 -6 0
 -6 -3 33 0
 -6 -3 9 0
 -6 32 -6 0
 -6 32 33 0
 -6 32 9 0
 -6 6 -6 0
 -6 6 33 0
 -6 6 9 0
 31 -9 -6 0
 31 -9 33 0
 31 -9 9 0
 31 -3 -6 0
 31 -3 33 0
 31 -3 9 0
 31 32 -6 0
 31 32 33 0
 31 32 9 0
 31 6 -6 0
 31 6 33 0
 31 6 9 0
 3 -9 -6 0
 3 -9 33 0
 3 -9 9 0
 3 -3 -6 0
 3 -3 33 0
 3 -3 9 0
 3 32 -6 0
 3 32 33 0
 3 32 9 0
 3 6 -6 0
 3 6 33 0
 3 6 9 0
 -6 -9 -6 0
 -6 -9 36 0
 -6 -9 9 0
 -6 -3 -6 0
 -6 -3 36 0
 -6 -3 9 0
 -6 35 -6 0
 -6 35 36 0
 -6 35 9 0
 -6 6 -6 0
 -6 6 36 0
 -6 6 9 0
 34 -9 -6 0
 34 -9 36 0
 34 -9 9 0
 34 -3 -6 0
 34 -3 36 0
 34 -3 9 0
 34 35 -6 0
 34 35 36 0
 34 35 9 0
 34 6 -6 0
 34 6 36 0
 34 6 9 0
 3 -9 -6 0
 3 -9 36 0
 3 -9 9 0
 3 -3 -6 0
 3 -3 36 0
 3 -3 9 0
 3 35 -6 0
 3 35 36 0
 3 35 9 0
 3 6 -6 0
 3 6 36 0
 3 6 9 0
 31 0
 36 0
 -5 -8 -5 0
 -5 -8 30 0
 -5 -8 8 0
 -5 -2 -5 0
 -5 -2 30 0
 -5 -2 8 0
 -5 29 -5 0
 -5 29 30 0
 -5 29 8 0
 -5 5 -5 0
 -5 5 30 0
 -5 5 8 0
 28 -8 -5 0
 28 -8 30 0
 28 -8 8 0
 28 -2 -5 0
 28 -2 30 0
 28 -2 8 0
 28 29 -5 0
 28 29 30 0
 28 29 8 0
 28 5 -5 0
 28 5 30 0
 28 5 8 0
 2 -8 -5 0
 2 -8 30 0
 2 -8 8 0
 2 -2 -5 0
 2 -2 30 0
 2 -2 8 0
 2 29 -5 0
 2 29 30 0
 2 29 8 0
 2 5 -5 0
 2 5 30 0
 2 5 8 0
 30 29 28 0
 25 0
 1 0
 4 0
 7 0
 27 26 25 0
 -8 -9 -8 0
 -8 -9 21 0
 -8 -9 9 0
 -8 -7 -8 0
 -8 -7 21 0
 -8 -7 9 0
 -8 20 -8 0
 -8 20 21 0
 -8 20 9 0
 -8 8 -8 0
 -8 8 21 0
 -8 8 9 0
 19 -9 -8 0
 19 -9 21 0
 19 -9 9 0
 19 -7 -8 0
 19 -7 21 0
 19 -7 9 0
 19 20 -8 0
 19 20 21 0
 19 20 9 0
 19 8 -8 0
 19 8 21 0
 19 8 9 0
 7 -9 -8 0
 7 -9 21 0
 7 -9 9 0
 7 -7 -8 0
 7 -7 21 0
 7 -7 9 0
 7 20 -8 0
 7 20 21 0
 7 20 9 0
 7 8 -8 0
 7 8 21 0
 7 8 9 0
 -8 -9 -8 0
 -8 -9 24 0
 -8 -9 9 0
 -8 -7 -8 0
 -8 -7 24 0
 -8 -7 9 0
 -8 23 -8 0
 -8 23 24 0
 -8 23 9 0
 -8 8 -8 0
 -8 8 24 0
 -8 8 9 0
 22 -9 -8 0
 22 -9 24 0
 22 -9 9 0
 22 -7 -8 0
 22 -7 24 0
 22 -7 9 0
 22 23 -8 0
 22 23 24 0
 22 23 9 0
 22 8 -8 0
 22 8 24 0
 22 8 9 0
 7 -9 -8 0
 7 -9 24 0
 7 -9 9 0
 7 -7 -8 0
 7 -7 24 0
 7 -7 9 0
 7 23 -8 0
 7 23 24 0
 7 23 9 0
 7 8 -8 0
 7 8 24 0
 7 8 9 0
 19 0
 24 0
 -6 -4 0
 -6 17 0
 -6 5 0
 -6 6 0
 16 -4 0
 16 17 0
 16 5 0
 16 6 0
 4 -4 0
 4 17 0
 4 5 0
 4 6 0
 5 -4 0
 5 17 0
 5 5 0
 5 6 0
 18 17 16 0
 -2 -3 -2 0
 -2 -3 12 0
 -2 -3 3 0
 -2 -1 -2 0
 -2 -1 12 0
 -2 -1 3 0
 -2 11 -2 0
 -2 11 12 0
 -2 11 3 0
 -2 2 -2 0
 -2 2 12 0
 -2 2 3 0
 10 -3 -2 0
 10 -3 12 0
 10 -3 3 0
 10 -1 -2 0
 10 -1 12 0
 10 -1 3 0
 10 11 -2 0
 10 11 12 0
 10 11 3 0
 10 2 -2 0
 10 2 12 0
 10 2 3 0
 1 -3 -2 0
 1 -3 12 0
 1 -3 3 0
 1 -1 -2 0
 1 -1 12 0
 1 -1 3 0
 1 11 -2 0
 1 11 12 0
 1 11 3 0
 1 2 -2 0
 1 2 12 0
 1 2 3 0
 -2 -3 -2 0
 -2 -3 15 0
 -2 -3 3 0
 -2 -1 -2 0
 -2 -1 15 0
 -2 -1 3 0
 -2 14 -2 0
 -2 14 15 0
 -2 14 3 0
 -2 2 -2 0
 -2 2 15 0
 -2 2 3 0
 13 -3 -2 0
 13 -3 15 0
 13 -3 3 0
 13 -1 -2 0
 13 -1 15 0
 13 -1 3 0
 13 14 -2 0
 13 14 15 0
 13 14 3 0
 13 2 -2 0
 13 2 15 0
 13 2 3 0
 1 -3 -2 0
 1 -3 15 0
 1 -3 3 0
 1 -1 -2 0
 1 -1 15 0
 1 -1 3 0
 1 14 -2 0
 1 14 15 0
 1 14 3 0
 1 2 -2 0
 1 2 15 0
 1 2 3 0
 10 0
 15 0
